-0.9034 -0.1286 0.7127
-0.9117 -0.0637 0.7165
-0.9117 0.0661 0.7234
-0.9030 0.1321 0.7266
-0.8879 -0.2560 0.6528
-0.8879 0.2602 0.6764
-0.8963 0.1970 0.6916
-0.8962 -0.1935 0.6671
-0.8713 -0.3798 0.5524
-0.8711 0.3854 0.6075
-0.8805 0.3238 0.6388
-0.8805 -0.3194 0.5881
-0.8524 -0.4985 0.4437
-0.8508 0.5067 0.5157
-0.8452 -0.0624 0.6937
-0.8451 0.0643 0.6953
-0.8615 0.4473 0.5596
-0.8625 -0.4409 0.4890
-0.8486 0.0008 0.7368
-0.8329 -0.6116 0.3007
-0.8321 -0.1891 0.6355
-0.8325 0.1914 0.6584
-0.8284 0.6230 0.3881
-0.8394 0.1285 0.6706
-0.8393 -0.1267 0.6582
-0.8183 -0.3130 0.5578
-0.8176 0.3164 0.5928
-0.8118 -0.7173 0.1460
-0.8427 -0.5566 0.3695
-0.8400 0.5662 0.4519
-0.8258 0.2548 0.6238
-0.8258 -0.2521 0.5902
-0.8051 0.7332 0.2455
-0.8029 -0.4328 0.4657
-0.7978 -0.8177 0.0543
-0.8011 0.4379 0.5191
-0.8221 -0.6661 0.2120
-0.8100 0.3781 0.5529
-0.8107 -0.3740 0.5076
-0.7858 -0.5476 0.3498
-0.8167 0.6790 0.3068
-0.7810 0.8368 0.1153
-0.8227 0.8876 0.2972
-0.7823 0.5555 0.4188
-0.7820 0.0011 0.6670
-0.7753 -0.1244 0.6213
-0.8037 -0.7692 0.0612
-0.7750 0.1269 0.6359
-0.7682 -0.6568 0.2232
-0.7944 -0.4915 0.4030
-0.7918 0.4977 0.4671
-0.7809 -0.0623 0.6618
-0.7810 0.0637 0.6679
-0.7638 -0.2479 0.5575
-0.7932 0.7868 0.1699
-0.7619 0.6681 0.2954
-0.7629 0.2511 0.5783
-0.7906 -0.8682 0.0438
-0.7530 -0.7607 0.1150
-0.7506 -0.3683 0.4648
-0.7701 0.1896 0.5997
-0.7702 -0.1872 0.5776
-0.7489 0.3726 0.5074
-0.7768 -0.6035 0.2787
-0.7417 -0.8603 0.0403
-0.7721 0.6122 0.3592
-0.7420 0.7752 0.1732
-0.7717 0.8842 0.0416
-0.7364 -0.4846 0.3803
-0.7569 0.3125 0.5388
-0.7578 -0.3094 0.5011
-0.7327 0.4905 0.4305
-0.7604 -0.7093 0.1491
-0.7217 0.8772 0.0744
-0.7217 -0.5963 0.2713
-0.7517 0.7218 0.2328
-0.7441 -0.4277 0.4142
-0.7414 0.4323 0.4619
-0.7155 0.6044 0.3336
-0.7468 -0.8111 0.0718
-0.7161 -0.0613 0.6134
-0.7160 0.0632 0.6209
-0.7084 -0.7035 0.1691
-0.7078 -0.1842 0.5472
-0.7073 0.1866 0.5682
-0.7324 0.8243 0.1104
-0.7183 0.0006 0.6322
-0.6958 -0.8060 0.0752
-0.7293 -0.5414 0.3147
-0.6965 0.7135 0.2253
-0.6977 -0.3048 0.4743
-0.7247 0.5477 0.3713
-0.6953 0.3079 0.5040
-0.7129 0.1255 0.5906
-0.7131 -0.1234 0.5745
-0.6853 -0.4219 0.4032
-0.6803 0.8179 0.1165
-0.6816 0.4263 0.4354
-0.7147 -0.6502 0.2067
-0.7032 -0.2451 0.4987
-0.7023 0.2481 0.5250
-0.7070 0.6589 0.2653
-0.6730 -0.5350 0.3152
-0.6673 0.5411 0.3584
-0.7016 -0.7554 0.1109
-0.6919 -0.3641 0.4279
-0.6894 0.3682 0.4590
-0.6611 -0.6447 0.2222
-0.6913 -0.8567 0.0423
-0.6894 0.7655 0.1555
-0.6540 0.0013 0.5818
-0.6525 0.6521 0.2598
-0.6491 -0.7498 0.1337
-0.6795 -0.4793 0.3482
-0.6508 -0.1208 0.5460
-0.6496 0.1242 0.5549
-0.6752 0.4845 0.3850
-0.6409 -0.8515 0.0558
-0.6424 -0.2412 0.4928
-0.6407 0.2450 0.5017
-0.6729 0.8658 0.0529
-0.6378 0.7587 0.1657
-0.6668 -0.5902 0.2507
-0.6326 -0.3591 0.4157
-0.6533 -0.0604 0.5750
-0.6531 0.0629 0.5799
-0.6290 0.3635 0.4400
-0.6599 0.5968 0.2980
-0.6231 0.8611 0.0739
-0.6226 -0.4734 0.3434
-0.6466 -0.1819 0.5098
-0.6454 0.1850 0.5265
-0.6551 -0.6979 0.1577
-0.6170 0.4791 0.3718
-0.6119 -0.5848 0.2662
-0.6375 -0.3014 0.4421
-0.6446 0.7054 0.2011
-0.6450 -0.8016 0.0860
-0.6353 0.3046 0.4723
-0.6034 0.5912 0.2934
-0.6015 -0.6927 0.1852
-0.6274 -0.4173 0.3765
-0.6298 0.8088 0.1038
-0.5934 -0.7971 0.1144
-0.6232 0.4214 0.4036
-0.5901 0.6998 0.2004
-0.5909 -0.0596 0.5322
-0.5908 0.0618 0.5353
-0.6167 -0.5299 0.2967
-0.5860 -0.1794 0.4872
-0.5846 0.1825 0.4980
-0.6102 0.5352 0.3332
-0.5774 0.8039 0.1104
-0.5786 -0.2976 0.4291
-0.5760 0.3009 0.4436
-0.6064 -0.6387 0.2207
-0.5703 -0.4131 0.3670
-0.5922 0.0010 0.5490
-0.5894 -0.1201 0.5153
-0.5886 0.1225 0.5217
-0.5654 0.4171 0.3839
-0.5968 0.6454 0.2432
-0.5975 -0.7456 0.1473
-0.5612 -0.5254 0.2993
-0.5828 -0.2393 0.4562
-0.5807 0.2421 0.4753
-0.5546 0.5302 0.3174
-0.5901 -0.8483 0.0823
-0.5524 -0.6353 0.2274
-0.5836 0.7528 0.1631
-0.5444 -0.7419 0.1677
-0.5745 -0.3563 0.3944
-0.5710 0.3593 0.4125
-0.5432 0.6403 0.2415
-0.5393 -0.8458 0.1177
-0.5713 0.8549 0.0659
-0.5656 -0.4703 0.3261
-0.5317 0.7467 0.1560
-0.5599 0.4738 0.3513
-0.5305 0.0010 0.5059
-0.5289 -0.1190 0.4795
-0.5273 0.1209 0.4852
-0.5567 -0.5815 0.2646
-0.5235 -0.2371 0.4362
-0.5219 0.8496 0.0644
-0.5208 0.2392 0.4459
-0.5160 -0.3533 0.3784
-0.5483 0.5853 0.2790
-0.5484 -0.6891 0.1898
-0.5124 0.3557 0.3868
-0.5088 -0.4667 0.3219
-0.5419 -0.7942 0.1333
-0.5303 -0.0593 0.5035
-0.5298 0.0607 0.5089
-0.5010 -0.5778 0.2641
-0.5024 0.4696 0.3325
-0.5368 0.6941 0.1990
-0.5262 -0.1785 0.4553
-0.5247 0.1805 0.4721
-0.4944 -0.6861 0.2071
-0.4928 0.5807 0.2658
-0.5198 -0.2959 0.4065
-0.4886 -0.7919 0.1546
-0.5260 0.7991 0.1107
-0.5169 0.2979 0.4230
-0.4824 0.6889 0.1991
-0.5126 -0.4108 0.3493
-0.5077 0.4131 0.3579
-0.5049 -0.5227 0.2896
-0.4721 0.7938 0.1289
-0.4699 -0.0588 0.4735
-0.4691 0.0602 0.4712
-0.4668 -0.1768 0.4385
-0.4977 0.5253 0.3016
-0.4976 -0.6326 0.2314
-0.4650 0.1785 0.4435
-0.4615 -0.2933 0.3936
-0.4583 0.2950 0.3990
-0.4913 -0.7394 0.1829
-0.4554 -0.4077 0.3436
-0.4877 0.6353 0.2305
-0.4868 -0.8444 0.1272
-0.4498 -0.5197 0.2920
-0.4505 0.4096 0.3489
-0.4702 0.0003 0.4821
-0.4431 -0.6295 0.2409
-0.4689 -0.1182 0.4603
-0.4423 0.5216 0.2887
-0.4779 0.7419 0.1614
-0.4677 0.1192 0.4628
-0.4382 -0.7369 0.1962
-0.4646 -0.2355 0.4156
-0.4341 -0.8423 0.1526
-0.4620 0.2370 0.4237
-0.4337 0.6311 0.2301
-0.4688 0.8455 0.0860
-0.4588 -0.3514 0.3651
-0.4257 0.7380 0.1708
-0.4547 0.3528 0.3726
-0.4526 -0.4645 0.3121
-0.4177 0.8424 0.1166
-0.4463 0.4658 0.3188
-0.4462 -0.5753 0.2590
-0.4098 -0.0003 0.4509
-0.4094 -0.1181 0.4344
-0.4076 0.1177 0.4387
-0.4405 -0.6833 0.2121
-0.4057 -0.2345 0.4090
-0.4378 0.5762 0.2639
-0.4031 0.2343 0.3997
-0.4011 -0.3494 0.3587
-0.4361 -0.7895 0.1633
-0.3971 0.3494 0.3596
-0.3958 -0.4621 0.3145
-0.4291 0.6847 0.1960
-0.3906 -0.5729 0.2611
-0.4288 0.4641 0.3354
-0.3864 -0.6817 0.2202
-0.3880 0.4624 0.3144
-0.4211 0.7898 0.1441
-0.3823 -0.7885 0.1848
-0.4099 -0.0596 0.4381
-0.4092 0.0585 0.4422
-0.3819 0.5731 0.2567
-0.4075 -0.1767 0.4137
-0.4056 0.1763 0.4180
-0.3742 0.6816 0.2033
-0.4032 -0.2925 0.3701
-0.4000 0.2924 0.3714
-0.3679 0.7876 0.1540
-0.3983 -0.4064 0.3284
-0.3931 0.4059 0.3272
-0.3930 -0.5178 0.2771
-0.3881 -0.6277 0.2332
-0.3857 0.5176 0.2724
-0.3504 -0.0594 0.4285
-0.3839 -0.7352 0.1916
-0.3495 0.0578 0.4226
-0.3487 -0.1758 0.4050
-0.3467 0.1743 0.4066
-0.3812 -0.8415 0.1584
-0.3460 -0.2910 0.3719
-0.3784 0.6271 0.2180
-0.3415 -0.4044 0.3346
-0.3419 0.2896 0.3749
-0.3373 -0.5160 0.2902
-0.3364 0.4033 0.3290
-0.3714 0.7334 0.1692
-0.3334 -0.6259 0.2476
-0.3298 -0.7341 0.2153
-0.3300 0.5149 0.2849
-0.3284 -0.8408 0.1875
-0.3654 0.8381 0.1179
-0.3243 0.6246 0.2360
-0.3503 -0.0009 0.4244
-0.3497 -0.1177 0.4162
-0.3483 0.1166 0.4142
-0.3185 0.7321 0.1903
-0.3470 -0.2338 0.3859
-0.3443 0.2323 0.3897
-0.3135 0.8376 0.1401
-0.3434 -0.3484 0.3481
-0.3390 0.3467 0.3447
-0.3392 -0.4610 0.3048
-0.3350 -0.5714 0.2617
-0.3329 0.4590 0.2998
-0.3313 -0.6800 0.2270
-0.3284 -0.7874 0.1940
-0.3267 0.5695 0.2523
-0.2906 -0.1172 0.4020
-0.2909 -0.0009 0.4086
-0.2894 -0.2326 0.3794
-0.2896 0.1154 0.3993
-0.2864 -0.3466 0.3439
-0.2865 0.2307 0.3751
-0.3205 0.6784 0.2065
-0.2829 -0.4589 0.3072
-0.2816 0.3449 0.3347
-0.2796 -0.5698 0.2690
-0.3151 0.7840 0.1595
-0.2770 -0.6791 0.2365
-0.2767 0.4572 0.2948
-0.2753 -0.7870 0.2088
-0.2711 0.5677 0.2533
-0.2662 0.6764 0.2106
-0.2910 -0.0594 0.4109
-0.2904 0.0567 0.4116
-0.2899 -0.1754 0.3874
-0.2877 0.1732 0.3917
-0.2609 0.7832 0.1721
-0.2875 -0.2903 0.3556
-0.2840 0.2879 0.3606
-0.2844 -0.4033 0.3213
-0.2811 -0.5151 0.2855
-0.2790 0.4010 0.3159
-0.2779 -0.6250 0.2465
-0.2753 -0.7337 0.2176
-0.2737 0.5124 0.2784
-0.2739 -0.8407 0.2012
-0.2685 0.6219 0.2350
-0.2324 -0.0592 0.3932
-0.2318 -0.1744 0.3767
-0.2319 0.0568 0.3868
-0.2303 -0.2888 0.3495
-0.2282 -0.4018 0.3211
-0.2300 0.1721 0.3804
-0.2636 0.7298 0.1890
-0.2266 0.2864 0.3488
-0.2251 -0.5133 0.2881
-0.2221 -0.6238 0.2533
-0.2227 0.3994 0.3108
-0.2596 0.8365 0.1425
-0.2213 -0.7326 0.2315
-0.2202 -0.8405 0.2180
-0.2181 0.5106 0.2771
-0.2149 0.6203 0.2332
-0.2102 0.7284 0.1995
-0.2323 -0.0013 0.4013
-0.2323 -0.1173 0.3855
-0.2052 0.8349 0.1674
-0.2309 0.1143 0.3938
-0.2312 -0.2318 0.3646
-0.2290 -0.3460 0.3349
-0.2282 0.2294 0.3659
-0.2267 -0.4586 0.3015
-0.2246 0.3438 0.3352
-0.2241 -0.5689 0.2657
-0.2218 -0.6784 0.2375
-0.2204 0.4548 0.2925
-0.2204 -0.7868 0.2114
-0.2160 0.5655 0.2554
-0.2118 0.6744 0.2144
-0.1740 -0.1170 0.3835
-0.1726 -0.2315 0.3636
-0.1739 -0.0018 0.3883
-0.2081 0.7824 0.1789
-0.1716 -0.3452 0.3371
-0.1728 0.1135 0.3769
-0.1705 -0.4571 0.3026
-0.1705 0.2278 0.3578
-0.1684 -0.5681 0.2709
-0.1659 -0.6777 0.2486
-0.1677 0.3414 0.3278
-0.1661 -0.7869 0.2361
-0.1637 0.4534 0.2934
-0.1598 0.5638 0.2610
-0.1580 0.6735 0.2273
-0.1548 0.7815 0.2002
-0.1739 -0.0599 0.3849
-0.1736 -0.1750 0.3646
-0.1733 0.0554 0.3829
-0.1724 -0.2893 0.3406
-0.1714 0.1709 0.3652
-0.1708 -0.4016 0.3174
-0.1690 0.2847 0.3395
-0.1689 -0.5126 0.2826
-0.1673 -0.6236 0.2551
-0.1659 0.3974 0.3027
-0.1665 -0.7326 0.2436
-0.1655 -0.8409 0.2248
-0.1622 0.5078 0.2675
-0.1587 0.6175 0.2274
-0.1558 0.7278 0.2131
-0.1535 0.8340 0.1929
-0.1153 -0.2883 0.3427
-0.1158 -0.1742 0.3620
-0.1156 -0.0597 0.3774
-0.1149 0.0553 0.3717
-0.1129 -0.5123 0.2862
-0.1138 -0.4009 0.3174
-0.1135 0.1699 0.3616
-0.1119 -0.6227 0.2616
-0.1111 -0.8405 0.2290
-0.1111 -0.7318 0.2358
-0.1113 0.2835 0.3367
-0.1091 0.3961 0.3034
-0.1062 0.5072 0.2776
-0.1041 0.6168 0.2474
-0.1007 0.7255 0.2277
-0.0983 0.8335 0.2172
-0.1158 -0.1173 0.3664
-0.1154 -0.0021 0.3744
-0.1154 -0.2313 0.3482
-0.1145 0.1126 0.3624
-0.1145 -0.3445 0.3194
-0.1127 0.2268 0.3432
-0.1135 -0.4571 0.2930
-0.1123 -0.5676 0.2646
-0.1105 0.3398 0.3141
-0.1111 -0.7867 0.2257
-0.1114 -0.6771 0.2348
-0.1079 0.4516 0.2789
-0.1051 0.5619 0.2470
-0.1023 0.6709 0.2222
-0.0996 0.7787 0.2075
-0.0574 -0.5667 0.2764
-0.0572 -0.4558 0.3056
-0.0583 -0.3438 0.3293
-0.0584 -0.2306 0.3530
-0.0580 -0.1164 0.3679
-0.0557 -0.7856 0.2322
-0.0559 -0.6764 0.2488
-0.0574 -0.0016 0.3696
-0.0571 0.1130 0.3609
-0.0558 0.2267 0.3408
-0.0534 0.3398 0.3135
-0.0519 0.4512 0.2881
-0.0490 0.5615 0.2590
-0.0476 0.6701 0.2335
-0.0449 0.7786 0.2323
-0.0580 -0.1741 0.3620
-0.0577 -0.0595 0.3722
-0.0580 -0.2877 0.3403
-0.0570 0.0552 0.3682
-0.0575 -0.4006 0.3158
-0.0559 0.1694 0.3531
-0.0570 -0.5116 0.2847
-0.0567 -0.6219 0.2568
-0.0564 -0.8402 0.2253
-0.0545 0.2833 0.3276
-0.0561 -0.7314 0.2288
-0.0528 0.3958 0.2988
-0.0509 0.5070 0.2759
-0.0487 0.6148 0.2427
-0.0464 0.7238 0.2173
-0.0442 0.8319 0.2244
-0.0014 -0.8394 0.2181
-0.0017 -0.7307 0.2414
-0.0012 -0.6216 0.2675
-0.0009 -0.5113 0.2936
-0.0012 -0.4000 0.3183
-0.0010 -0.2874 0.3378
-0.0007 -0.1737 0.3597
-0.0007 -0.0596 0.3716
0.0005 0.0551 0.3632
0.0008 0.1693 0.3490
0.0025 0.2825 0.3339
0.0033 0.3948 0.3013
0.0042 0.5054 0.2710
0.0057 0.6148 0.2449
0.0090 0.7237 0.2314
0.0106 0.8322 0.2481
-0.0004 -0.1171 0.3676
-0.0012 -0.3441 0.3249
-0.0008 -0.2307 0.3463
0.0002 -0.0025 0.3674
-0.0017 -0.6764 0.2488
-0.0016 -0.5665 0.2694
-0.0013 -0.4564 0.2983
0.0010 0.1121 0.3589
0.0018 0.2259 0.3379
-0.0014 -0.7853 0.2226
0.0026 0.3386 0.3133
0.0039 0.4499 0.2753
0.0053 0.5598 0.2522
0.0071 0.6690 0.2349
0.0093 0.7776 0.2288
0.0528 -0.7847 0.2320
0.0533 -0.6762 0.2568
0.0545 -0.5667 0.2816
0.0551 -0.4561 0.3082
0.0559 -0.3444 0.3324
0.0569 -0.2313 0.3563
0.0577 -0.1176 0.3755
0.0583 -0.0031 0.3786
0.0588 0.1113 0.3630
0.0587 0.2249 0.3417
0.0592 0.3377 0.3156
0.0595 0.4491 0.2861
0.0607 0.5594 0.2540
0.0612 0.6684 0.2300
0.0627 0.7764 0.2187
0.0531 -0.8398 0.2255
0.0530 -0.7311 0.2387
0.0536 -0.6216 0.2641
0.0545 -0.5113 0.2883
0.0554 -0.4011 0.3196
0.0562 -0.2886 0.3449
0.0572 -0.1747 0.3634
0.0580 -0.0606 0.3747
0.0585 0.0540 0.3706
0.0590 0.1686 0.3527
0.0593 0.2815 0.3283
0.0598 0.3939 0.3008
0.0604 0.5044 0.2688
0.0614 0.6136 0.2386
0.0625 0.7228 0.2232
0.0651 0.8302 0.2096
0.1072 -0.8399 0.2331
0.1077 -0.7315 0.2401
0.1089 -0.6226 0.2596
0.1100 -0.5122 0.2859
0.1126 -0.4011 0.3177
0.1139 -0.2885 0.3419
0.1155 -0.1748 0.3648
0.1164 0.2817 0.3258
0.1162 0.3940 0.2938
0.1163 0.5046 0.2634
0.1164 0.6139 0.2326
0.1165 -0.0605 0.3739
0.1167 0.0542 0.3696
0.1166 0.1684 0.3499
0.1191 0.8292 0.1788
0.1185 0.7221 0.2164
0.1078 -0.7856 0.2291
0.1087 -0.6768 0.2405
0.1100 -0.5675 0.2693
0.1115 -0.4572 0.2973
0.1131 -0.3455 0.3237
0.1147 -0.2316 0.3526
0.1160 -0.1181 0.3723
0.1168 -0.0036 0.3714
0.1171 0.1112 0.3608
0.1168 0.2249 0.3377
0.1166 0.3387 0.3071
0.1162 0.4493 0.2781
0.1162 0.5589 0.2447
0.1167 0.6681 0.2182
0.1185 0.7754 0.1959
0.1618 -0.7860 0.2336
0.1632 -0.6774 0.2479
0.1657 -0.5680 0.2735
0.1676 -0.4573 0.2993
0.1695 -0.3455 0.3273
0.1711 0.6677 0.2143
0.1719 0.4495 0.2756
0.1713 0.5593 0.2471
0.1736 0.7747 0.1882
0.1717 -0.2322 0.3537
0.1731 0.3382 0.3085
0.1735 -0.1181 0.3693
0.1743 0.2253 0.3427
0.1747 -0.0032 0.3795
0.1747 0.1115 0.3660
0.1619 -0.8408 0.2286
0.1627 -0.7319 0.2299
0.1642 -0.6232 0.2540
0.1663 -0.5131 0.2763
0.1686 -0.4023 0.3126
0.1709 -0.2898 0.3397
0.1729 -0.1756 0.3665
0.1743 -0.0610 0.3794
0.1747 0.0536 0.3776
0.1743 0.1684 0.3567
0.1713 0.5044 0.2586
0.1735 0.2817 0.3250
0.1725 0.3941 0.2904
0.1709 0.6135 0.2292
0.1714 0.7214 0.1967
0.1733 0.8271 0.1731
0.2165 -0.8413 0.2281
0.2173 -0.7334 0.2334
0.2197 -0.6248 0.2543
0.2221 -0.5145 0.2833
0.2252 0.7209 0.1898
0.2249 -0.4032 0.3172
0.2255 0.6134 0.2214
0.2261 0.8272 0.1690
0.2262 0.5050 0.2640
0.2279 -0.2905 0.3477
0.2285 0.3943 0.3000
0.2306 -0.1764 0.3766
0.2299 0.2819 0.3384
0.2324 -0.0617 0.3892
0.2316 0.1681 0.3659
0.2321 0.0535 0.3824
0.2163 -0.7876 0.2174
0.2179 -0.6790 0.2367
0.2203 -0.5696 0.2639
0.2232 -0.4593 0.2973
0.2262 -0.3471 0.3307
0.2290 -0.2335 0.3624
0.2258 0.5590 0.2381
0.2274 0.4498 0.2796
0.2251 0.6677 0.2053
0.2313 -0.1193 0.3821
0.2310 0.2253 0.3486
0.2293 0.3384 0.3161
0.2255 0.7740 0.1773
0.2324 -0.0040 0.3880
0.2322 0.1115 0.3752
0.2714 -0.7870 0.2058
0.2733 -0.6795 0.2392
0.2770 -0.5705 0.2720
0.2799 0.7739 0.1682
0.2802 0.6680 0.1976
0.2803 -0.4599 0.3055
0.2821 0.5602 0.2380
0.2840 0.4504 0.2853
0.2842 -0.3480 0.3421
0.2868 0.3390 0.3200
0.2872 -0.2342 0.3725
0.2892 0.2258 0.3581
0.2902 -0.1197 0.3988
0.2910 0.1114 0.3889
0.2913 -0.0040 0.4035
0.2702 -0.8415 0.1945
0.2722 -0.7337 0.2126
0.2751 -0.6254 0.2416
0.2786 -0.5159 0.2713
0.2823 -0.4040 0.3071
0.2807 0.6136 0.2115
0.2792 0.7213 0.1670
0.2828 0.5055 0.2519
0.2795 0.8248 0.1432
0.2861 -0.2920 0.3440
0.2855 0.3946 0.2910
0.2893 -0.1774 0.3763
0.2882 0.2823 0.3312
0.2913 -0.0623 0.3921
0.2916 0.0533 0.3893
0.2905 0.1686 0.3678
0.3240 -0.8405 0.1793
0.3264 -0.7345 0.2146
0.3298 -0.6268 0.2400
0.3323 0.7213 0.1683
0.3323 0.8258 0.1348
0.3344 -0.5170 0.2896
0.3348 0.6150 0.2130
0.3381 0.5065 0.2603
0.3386 -0.4057 0.3240
0.3418 0.3961 0.3079
0.3434 -0.2926 0.3625
0.3452 0.2834 0.3557
0.3473 -0.1780 0.3964
0.3485 0.1693 0.3882
0.3498 -0.0625 0.4160
0.3499 0.0537 0.4113
0.3251 -0.7884 0.1863
0.3279 -0.6807 0.2332
0.3320 -0.5723 0.2622
0.3365 -0.4618 0.2994
0.3317 0.7738 0.1386
0.3333 0.6685 0.1806
0.3361 0.5609 0.2314
0.3413 -0.3497 0.3409
0.3399 0.4509 0.2823
0.3456 -0.2355 0.3744
0.3436 0.3395 0.3262
0.3785 -0.7892 0.1792
0.3470 0.2264 0.3671
0.3489 -0.1206 0.4080
0.3504 -0.0046 0.4170
0.3495 0.1117 0.3999
0.3823 -0.6825 0.2179
0.3836 0.7748 0.1256
0.3857 0.6701 0.1772
0.3873 -0.5740 0.2629
0.3902 0.5630 0.2266
0.3920 -0.4632 0.3087
0.3949 0.4538 0.2852
0.3979 -0.3508 0.3509
0.3997 0.3422 0.3353
0.4033 -0.2364 0.3897
0.4047 0.2282 0.3818
0.4075 -0.1207 0.4231
0.4082 0.1129 0.4173
0.4090 -0.0040 0.4292
0.3773 -0.8422 0.1570
0.3796 -0.7367 0.1916
0.3840 -0.6290 0.2348
0.3849 0.7232 0.1507
0.3836 0.8261 0.1028
0.3892 -0.5191 0.2829
0.3882 0.6166 0.2011
0.3948 -0.4080 0.3252
0.3926 0.5079 0.2536
0.4312 -0.8428 0.1564
0.3974 0.3980 0.3124
0.4003 -0.2945 0.3651
0.4350 -0.7378 0.1879
0.4022 0.2850 0.3549
0.4050 -0.1796 0.4011
0.4375 0.8262 0.0811
0.4061 0.1703 0.3980
0.4081 -0.0631 0.4279
0.4084 0.0542 0.4226
0.4378 0.7238 0.1381
0.4391 -0.6308 0.2375
0.4442 0.6185 0.2037
0.4458 -0.5214 0.2932
0.4483 0.5104 0.2654
0.4530 -0.4098 0.3421
0.4550 0.3998 0.3235
0.4590 -0.2962 0.3856
0.4605 0.2864 0.3812
0.4646 -0.1807 0.4285
0.4658 0.1712 0.4199
0.4321 -0.7912 0.1552
0.4685 -0.0637 0.4549
0.4688 0.0540 0.4519
0.4369 -0.6847 0.1979
0.4364 0.7754 0.0971
0.4430 -0.5764 0.2515
0.4403 0.6716 0.1583
0.4457 0.5649 0.2208
0.4495 -0.4663 0.3021
0.4860 -0.7927 0.1556
0.4519 0.4554 0.2824
0.4562 -0.3537 0.3516
0.4879 0.7768 0.0878
0.4580 0.3432 0.3352
0.4910 -0.6872 0.2065
0.4625 -0.2388 0.3982
0.4933 0.6738 0.1582
0.4637 0.2292 0.3853
0.4674 -0.1227 0.4311
0.4985 -0.5793 0.2657
0.4694 -0.0049 0.4461
0.4679 0.1130 0.4211
0.4997 0.5674 0.2301
0.5056 -0.4687 0.3215
0.5072 0.4580 0.2999
0.5137 -0.3559 0.3738
0.5150 0.3457 0.3556
0.4825 -0.8445 0.1272
0.5210 -0.2407 0.4263
0.5217 0.2308 0.4139
0.4875 -0.7408 0.1668
0.4859 0.8266 0.0452
0.5265 -0.1234 0.4660
0.4902 0.7263 0.1161
0.4942 -0.6334 0.2223
0.5271 0.1138 0.4595
0.5289 -0.0048 0.4803
0.4964 0.6208 0.1831
0.5340 -0.8465 0.1179
0.5018 -0.5242 0.2830
0.5354 0.8293 0.0301
0.5038 0.5128 0.2564
0.5406 -0.7429 0.1681
0.5096 -0.4130 0.3357
0.5413 0.7290 0.1094
0.5115 0.4024 0.3196
0.5174 -0.2989 0.3922
0.5484 -0.6365 0.2280
0.5188 0.2885 0.3787
0.5498 0.6248 0.1892
0.5241 -0.1825 0.4409
0.5250 0.1729 0.4290
0.5287 -0.0646 0.4761
0.5289 0.0543 0.4706
0.5572 -0.5271 0.2955
0.5587 0.5171 0.2721
0.5663 -0.4151 0.3589
0.5673 0.4061 0.3439
0.5370 -0.7953 0.1270
0.5756 -0.3003 0.4166
0.5763 0.2918 0.4120
0.5383 0.7794 0.0628
0.5440 -0.6905 0.1901
0.5455 0.6768 0.1461
0.5832 -0.1832 0.4741
0.5840 0.1751 0.4610
0.5526 -0.5828 0.2527
0.5896 -0.7987 0.1256
0.5539 0.5712 0.2266
0.5894 0.7832 0.0540
0.5888 -0.0642 0.5068
0.5889 0.0560 0.5066
0.5618 -0.4726 0.3207
0.5632 0.4614 0.2993
0.5979 -0.6943 0.1912
0.5989 0.6814 0.1443
0.5711 -0.3588 0.3809
0.5722 0.3490 0.3652
0.6072 -0.5869 0.2623
0.5798 -0.2427 0.4433
0.6080 0.5753 0.2351
0.5805 0.2335 0.4302
0.5866 -0.1246 0.4879
0.5870 0.1154 0.4811
0.5897 -0.0046 0.5133
0.6181 -0.4761 0.3415
0.6198 0.4658 0.3188
0.5853 0.8326 0.0111
0.5858 -0.8496 0.0817
0.5931 -0.7471 0.1435
0.6291 -0.3621 0.4115
0.6302 0.3526 0.3907
0.5938 0.7323 0.1012
0.6347 0.8371 0.0115
0.6360 -0.8529 0.0858
0.6027 -0.6409 0.2208
0.6037 0.6282 0.1854
0.6397 -0.2453 0.4725
0.6400 0.2362 0.4602
0.6454 -0.7512 0.1462
0.6445 0.7378 0.0995
0.6134 -0.5310 0.2974
0.6145 0.5208 0.2698
0.6478 -0.1260 0.5264
0.6479 0.1170 0.5242
0.6511 -0.0046 0.5546
0.6243 -0.4201 0.3679
0.6566 -0.6459 0.2230
0.6254 0.4097 0.3389
0.6572 0.6342 0.1941
0.6350 -0.3043 0.4369
0.6358 0.2948 0.4226
0.6691 -0.5367 0.3097
0.6695 0.5265 0.2875
0.6443 -0.1862 0.4936
0.6449 0.1768 0.4896
0.6325 0.8517 0.0093
0.6392 0.7879 0.0466
0.6511 -0.0657 0.5451
0.6513 0.0563 0.5472
0.6403 -0.8030 0.0965
0.6814 -0.4239 0.4009
0.6825 0.4145 0.3771
0.6507 -0.6980 0.1721
0.6504 0.6868 0.1334
0.6888 0.7937 0.0532
0.6931 -0.8081 0.0983
0.6623 -0.5919 0.2559
0.6937 -0.3074 0.4698
0.6943 0.2986 0.4615
0.6627 0.5816 0.2338
0.7028 0.6929 0.1439
0.7037 -0.7053 0.1726
0.6753 -0.4807 0.3453
0.7044 -0.1879 0.5347
0.7051 0.1795 0.5317
0.6759 0.4709 0.3285
0.7123 -0.0661 0.5896
0.7124 0.0572 0.5903
0.6877 -0.3668 0.4230
0.7188 -0.5988 0.2728
0.6885 0.3567 0.4112
0.7183 0.5872 0.2564
0.6827 0.8418 0.0000
0.6866 -0.8585 0.0551
0.6994 -0.2483 0.4934
0.7000 0.2394 0.4840
0.6960 0.7430 0.0840
0.7294 0.8494 0.0160
0.6976 -0.7576 0.1137
0.7328 -0.4875 0.3804
0.7091 -0.1278 0.5577
0.7096 0.1188 0.5571
0.7324 0.4765 0.3590
0.7366 -0.8638 0.0684
0.7143 -0.0048 0.6037
0.7100 0.6409 0.1820
0.7108 -0.6528 0.2006
0.7476 0.7511 0.0994
0.7491 -0.7637 0.1242
0.7470 -0.3718 0.4704
0.7472 0.3615 0.4540
0.7254 -0.5437 0.3072
0.7253 0.5328 0.2868
0.7604 -0.2523 0.5426
0.7607 0.2423 0.5368
0.7636 0.6480 0.2078
0.7653 -0.6602 0.2255
0.7403 -0.4307 0.4106
0.7405 0.4200 0.3934
0.7388 0.8016 0.0438
0.7714 -0.1297 0.6137
0.7719 0.1200 0.6131
0.7425 -0.8151 0.0756
0.7813 0.5396 0.3298
0.7816 -0.5511 0.3528
0.7544 -0.3129 0.4893
0.7775 -0.0050 0.6581
0.7546 0.3027 0.4823
0.7891 0.8104 0.0552
0.7547 0.7008 0.1336
0.7564 -0.7125 0.1485
0.7668 -0.1918 0.5626
0.7671 0.1821 0.5619
0.7938 -0.8209 0.0635
0.7768 -0.0679 0.6376
0.7770 0.0578 0.6400
0.7986 -0.4367 0.4695
0.7984 0.4259 0.4418
0.7721 0.5947 0.2489
0.7727 -0.6067 0.2647
0.8063 0.7103 0.1447
0.8087 -0.7205 0.1474
0.7796 0.8598 0.0369
0.8143 0.3073 0.5473
0.8145 -0.3174 0.5573
0.7859 -0.8716 0.0477
0.7903 -0.4952 0.3943
0.7899 0.4838 0.3681
0.8268 0.6050 0.2776
0.8280 -0.6148 0.2925
0.7968 0.7605 0.0696
0.8284 -0.1943 0.6361
0.8286 0.1845 0.6292
0.8072 -0.3781 0.5008
0.7997 -0.7712 0.0634
0.8069 0.3676 0.4757
0.8222 -0.2566 0.5777
0.8407 -0.0683 0.6994
0.8407 0.0584 0.6987
0.8223 0.2470 0.5683
0.8474 0.4932 0.4165
0.8162 0.6580 0.1949
0.8177 -0.6690 0.2011
0.8487 -0.5024 0.4486
0.8354 -0.1319 0.6506
0.8358 0.1221 0.6527
0.8440 -0.0052 0.7214
0.8370 0.5501 0.3295
0.8382 -0.5605 0.3528
0.8677 -0.3841 0.5638
0.8671 0.3757 0.5399
0.8586 -0.4451 0.4942
0.8575 0.4359 0.4670
0.8838 0.2528 0.6398
0.8845 -0.2605 0.6561
0.8768 -0.3239 0.5927
0.8763 0.3156 0.5757
0.8991 -0.1333 0.7274
0.8993 0.1260 0.7225
0.8923 -0.1984 0.6664
0.8923 0.1904 0.6651
0.9074 -0.0691 0.7442
0.9079 0.0608 0.7585
