#def pos x, def pos y, xi
0.1096    0.9899    0.7351
0.1128    1.1200    0.7265
0.1222    0.9232    0.7358
0.1239    1.1873    0.7423
0.1393    0.7935    0.6884
0.1311    0.8571    0.6993
0.1315    1.2532    0.7128
0.1394    1.3177    0.7021
0.1542    0.6664    0.6040
0.1532    1.4457    0.6500
0.1457    1.3825    0.6725
0.1463    0.7285    0.6288
0.1692    0.5433    0.5135
0.1684    1.5711    0.5774
0.1606    1.5095    0.6116
0.1614    0.6035    0.5478
0.1791    0.9912    0.7305
0.1838    0.4246    0.4016
0.1760    1.0544    0.7886
0.1809    1.1188    0.7210
0.1844    1.6927    0.4695
0.1986    0.3114    0.2677
0.1761    1.6332    0.5249
0.2004    1.8094    0.3371
0.1765    0.4826    0.4549
0.1959    0.8615    0.6904
0.1875    0.9258    0.6968
0.1888    1.1843    0.7016
0.1960    1.2486    0.7010
0.2073    0.2033    0.1724
0.2100    0.7338    0.6236
0.2160    1.9198    0.1946
0.2099    1.3770    0.6503
0.2029    1.3137    0.6694
0.2030    0.7966    0.6496
0.1925    1.7523    0.3971
0.1913    0.3664    0.3239
0.2232    0.6092    0.5438
0.2230    1.5029    0.5915
0.2162    1.4409    0.6126
0.2168    0.6705    0.5757
0.2038    0.2559    0.1909
0.2363    0.4888    0.4507
0.2365    1.6258    0.5076
0.2082    1.8664    0.2617
0.2111    0.1497    0.1369
0.2489    0.3726    0.3457
0.2455    1.0554    0.7321
0.2506    1.7447    0.3948
0.2299    1.5654    0.5448
0.2299    0.5477    0.4891
0.2219    1.9714    0.1116
0.2583    0.2611    0.2428
0.2535    0.9274    0.6890
0.2468    0.9907    0.7310
0.2478    1.1191    0.7244
0.2545    1.1837    0.6927
0.2643    0.1539    0.1558
0.2633    1.8588    0.2775
0.2437    1.6860    0.4536
0.2429    0.4295    0.3872
0.2666    0.7998    0.6350
0.2671    1.3116    0.6482
0.2741    1.9681    0.1619
0.2598    0.8625    0.6532
0.2602    1.2482    0.6667
0.2790    0.6744    0.5563
0.2793    1.4378    0.5877
0.2541    0.3158    0.2793
0.2572    1.8022    0.3371
0.2906    0.5524    0.4824
0.2726    1.3755    0.6133
0.2727    0.7357    0.5844
0.2916    1.5612    0.5228
0.2619    0.2066    0.1954
0.3011    0.4340    0.3939
0.2689    1.9127    0.2127
0.3033    1.6814    0.4408
0.2851    1.5002    0.5486
0.2846    0.6122    0.5102
0.3100    0.3193    0.3027
0.3151    1.7979    0.3414
0.3171    0.2086    0.2176
0.3145    0.9917    0.6975
0.3151    1.1195    0.7016
0.2959    0.4923    0.4233
0.2972    1.6218    0.4723
0.3244    1.9097    0.2382
0.3122    1.0552    0.7222
0.3245    0.8646    0.6382
0.3250    1.2467    0.6543
0.3183    0.9274    0.6677
0.3190    1.1837    0.6728
0.3061    0.3759    0.3355
0.3089    1.7397    0.3791
0.3354    0.7389    0.5698
0.3362    1.3730    0.5960
0.3140    0.2632    0.2478
0.3461    0.6160    0.5088
0.3300    1.3108    0.6167
0.3298    0.8010    0.5972
0.3476    1.4970    0.5378
0.3196    1.8539    0.2758
0.3184    0.1544    0.1837
0.3554    0.4964    0.4343
0.3577    1.6181    0.4743
0.3413    1.4361    0.5544
0.3278    1.9631    0.1729
0.3636    0.3794    0.3588
0.3405    0.6765    0.5268
0.3702    0.2659    0.2865
0.3672    1.7362    0.3895
0.3729    0.1554    0.2258
0.3755    1.8507    0.3060
0.3506    0.5554    0.4596
0.3521    1.5582    0.4935
0.3816    1.9617    0.2182
0.3795    1.0562    0.6858
0.3598    0.4373    0.3821
0.3834    0.9296    0.6516
0.3848    1.1835    0.6570
0.3625    1.6777    0.4202
0.3931    0.8039    0.5985
0.3805    0.9922    0.6837
0.3810    1.1200    0.6803
0.3672    0.3222    0.3080
0.3942    1.3093    0.6096
0.3719    1.7944    0.3368
0.4025    0.6802    0.5276
0.3721    0.2101    0.2443
0.4043    1.4336    0.5503
0.3885    0.8657    0.6189
0.3895    1.2468    0.6306
0.3793    1.9061    0.2459
0.4110    0.5594    0.4666
0.4136    1.5556    0.4929
0.4183    0.4408    0.4062
0.3983    0.7408    0.5530
0.3993    1.3719    0.5779
0.4223    1.6749    0.4298
0.4245    0.3248    0.3432
0.4280    0.2116    0.2892
0.4302    1.7916    0.3555
0.4072    0.6188    0.4924
0.4092    1.4950    0.5191
0.4359    1.9048    0.2793
0.4154    0.4993    0.4288
0.4182    1.6155    0.4638
0.4222    0.3825    0.3682
0.4460    0.9930    0.6549
0.4463    1.1195    0.6548
0.4266    1.7334    0.3914
0.4521    0.8676    0.6070
0.4533    1.2456    0.6176
0.4268    0.2676    0.3071
0.4289    0.1551    0.2661
0.4445    1.0562    0.6735
0.4602    0.7434    0.5517
0.4617    1.3699    0.5657
0.4335    1.8487    0.3175
0.4481    0.9294    0.6388
0.4490    1.1828    0.6432
0.4677    0.6214    0.4939
0.4379    1.9604    0.2393
0.4703    1.4927    0.5132
0.4746    0.5019    0.4397
0.4560    0.8045    0.5770
0.4572    1.3084    0.5925
0.4778    1.6130    0.4586
0.4800    0.3842    0.3867
0.4841    0.2687    0.3414
0.4848    0.1551    0.3116
0.4849    1.7312    0.3966
0.4641    0.6814    0.5184
0.4658    1.4318    0.5350
0.4903    1.8468    0.3355
0.4931    1.9598    0.2648
0.4713    0.5608    0.4620
0.4742    1.5532    0.4833
0.4775    0.4421    0.4117
0.4816    1.6725    0.4292
0.4823    0.3260    0.3550
0.5097    1.0564    0.6367
0.4846    0.2116    0.3183
0.5122    0.9305    0.6145
0.5136    1.1822    0.6155
0.4880    1.7895    0.3636
0.5185    0.8060    0.5638
0.5205    1.3067    0.5749
0.4924    1.9040    0.3057
0.5257    0.6832    0.5109
0.5101    0.9931    0.6430
0.5107    1.1191    0.6448
0.5277    1.4299    0.5227
0.5317    0.5627    0.4662
0.5154    0.8677    0.5894
0.5164    1.2448    0.6051
0.5353    1.5511    0.4759
0.5370    0.4438    0.4182
0.5404    0.3269    0.3810
0.5424    0.2115    0.3496
0.5414    1.6702    0.4283
0.5224    0.7438    0.5372
0.5240    1.3689    0.5547
0.5471    1.7875    0.3810
0.5288    0.6221    0.4848
0.5510    1.9028    0.3390
0.5315    1.4911    0.4974
0.5346    0.5030    0.4382
0.5384    1.6108    0.4553
0.5392    0.3848    0.3979
0.5420    0.2687    0.3644
0.5443    1.7295    0.4043
0.5425    0.1541    0.3288
0.5745    0.9935    0.6177
0.5489    1.8453    0.3545
0.5752    1.1191    0.6136
0.5784    0.8689    0.5782
0.5515    1.9603    0.3136
0.5800    1.2439    0.5840
0.5841    0.7456    0.5293
0.5863    1.3674    0.5385
0.5894    0.6240    0.4868
0.5737    1.0559    0.6263
0.5925    1.4893    0.4969
0.5939    0.5044    0.4450
0.5757    0.9306    0.6007
0.5768    1.1813    0.6056
0.5979    0.3861    0.4130
0.5981    1.6093    0.4519
0.6002    0.1537    0.3617
0.6000    0.2694    0.3859
0.5810    0.8065    0.5521
0.5827    1.3060    0.5620
0.6033    1.7278    0.4156
0.6068    1.8449    0.3838
0.6084    1.9610    0.3604
0.5866    0.6840    0.5039
0.5891    1.4287    0.5177
0.5917    0.5635    0.4601
0.5955    1.5494    0.4730
0.5961    0.4445    0.4207
0.5992    0.3275    0.3908
0.6008    1.6686    0.4358
0.6004    0.2114    0.3647
0.6054    1.7866    0.3924
0.6083    1.9026    0.3704
0.6384    1.0554    0.5992
0.6394    0.9307    0.5829
0.6408    1.1803    0.5852
0.6436    0.8071    0.5509
0.6454    1.3042    0.5476
0.6482    0.6849    0.5018
0.6525    0.5645    0.4688
0.6507    1.4268    0.5109
0.6559    0.4455    0.4289
0.6199    1.5476    0.2239
0.6382    0.9927    0.5964
0.6590    0.2108    0.3906
0.6584    0.3276    0.4068
0.6389    1.1178    0.5954
0.6578    1.5479    0.4785
0.6611    1.6675    0.4417
0.6414    0.8684    0.5600
0.6430    1.2427    0.5695
0.6651    1.7860    0.4125
0.6671    1.9032    0.3988
0.6461    0.7454    0.5109
0.6482    1.3659    0.5234
0.6505    0.6241    0.4765
0.6539    1.4874    0.4825
0.6546    0.5046    0.4395
0.6575    0.3863    0.4084
0.6590    1.6075    0.4469
0.6587    0.1523    0.3754
0.6592    0.2690    0.3870
0.6632    1.7264    0.4150
0.6664    1.8438    0.3952
0.6674    1.9612    0.3860
0.7019    0.9928    0.5832
0.7028    1.1174    0.5795
0.7042    0.8690    0.5558
0.7059    1.2413    0.5615
0.7075    0.7463    0.5202
0.7113    0.6251    0.4891
0.7103    1.3643    0.5302
0.7146    0.5054    0.4561
0.7148    1.4861    0.4982
0.7170    0.1514    0.4103
0.7168    0.3865    0.4289
0.7181    0.2687    0.4169
0.7193    1.6064    0.4657
0.7018    1.0548    0.5861
0.7224    1.7258    0.4380
0.7028    0.9304    0.5699
0.7041    1.1798    0.5716
0.7252    1.8443    0.4242
0.7262    1.9624    0.4214
0.7061    0.8072    0.5341
0.7082    1.3032    0.5458
0.7097    0.6851    0.4987
0.7128    1.4255    0.5070
0.7132    0.5646    0.4646
0.7175    1.5462    0.4758
0.7161    0.4453    0.4332
0.7180    0.3275    0.4159
0.7183    0.2100    0.4041
0.7214    1.6660    0.4475
0.7246    1.7850    0.4252
0.7265    1.9028    0.4138
0.7659    0.9312    0.5605
0.7655    1.0551    0.5695
0.7678    0.8082    0.5350
0.7670    1.1792    0.5627
0.7708    0.6863    0.5036
0.7703    1.3022    0.5386
0.7737    0.5657    0.4731
0.7745    1.4245    0.5038
0.7760    0.4461    0.4477
0.7771    0.2092    0.4234
0.7773    0.3273    0.4344
0.7783    1.5455    0.4789
0.7819    1.6655    0.4551
0.7844    1.7848    0.4400
0.7654    0.9927    0.5728
0.7660    1.1168    0.5745
0.7670    0.8691    0.5473
0.7689    1.2409    0.5540
0.7869    1.9037    0.4373
0.7697    0.7466    0.5152
0.7725    1.3635    0.5263
0.7725    0.6254    0.4836
0.7751    0.5051    0.4597
0.7765    1.4850    0.4907
0.7771    0.1500    0.4255
0.7771    0.3862    0.4356
0.7779    0.2677    0.4248
0.7803    1.6056    0.4672
0.7833    1.7249    0.4490
0.7857    1.8441    0.4354
0.7867    1.9635    0.4350
0.8292    0.8700    0.5391
0.8284    0.9931    0.5571
0.8287    1.1170    0.5520
0.8311    0.7476    0.5145
0.8310    1.2402    0.5449
0.8332    0.6264    0.4895
0.8355    0.5063    0.4630
0.8342    1.3628    0.5183
0.8364    0.1489    0.4482
0.8369    0.2676    0.4425
0.8374    0.3864    0.4485
0.8375    1.4844    0.4897
0.8408    1.6048    0.4700
0.8429    1.7247    0.4514
0.8453    1.8442    0.4520
0.8465    1.9637    0.4534
0.8281    1.0548    0.5655
0.8284    0.9311    0.5516
0.8298    1.1784    0.5572
0.8299    0.8085    0.5261
0.8325    1.3016    0.5333
0.8321    0.6863    0.4988
0.8342    0.5655    0.4735
0.8358    1.4242    0.5088
0.8361    0.4461    0.4486
0.8371    0.2081    0.4343
0.8373    0.3269    0.4410
0.8391    1.5445    0.4788
0.8420    1.6647    0.4596
0.8445    1.7843    0.4504
0.8463    1.9041    0.4466
0.8925    0.8086    0.5258
0.8910    0.9312    0.5466
0.8910    1.0544    0.5571
0.8938    0.6867    0.5017
0.8925    1.1779    0.5469
0.8949    0.5663    0.4817
0.8966    0.4461    0.4588
0.8946    1.3004    0.5306
0.8970    0.2068    0.4641
0.8980    0.3267    0.4572
0.8972    1.4225    0.5050
0.9004    1.5437    0.4825
0.9031    1.6639    0.4665
0.9044    1.7845    0.4627
0.9063    1.9047    0.4691
0.8910    0.9923    0.5519
0.8916    0.8692    0.5294
0.8916    1.1158    0.5500
0.8936    1.2393    0.5363
0.8930    0.7469    0.5042
0.8946    0.6261    0.4875
0.8961    1.3616    0.5140
0.8968    0.1473    0.4620
0.8963    0.5059    0.4612
0.8972    0.2664    0.4601
0.8973    0.3860    0.4465
0.8988    1.4830    0.4839
0.9016    1.6032    0.4643
0.9040    1.7232    0.4512
0.9057    1.8445    0.4612
0.9070    1.9642    0.4757
0.9544    0.7476    0.5079
0.9537    0.9925    0.5433
0.9537    0.8699    0.5284
0.9544    1.1157    0.5418
0.9559    0.6265    0.4900
0.9570    0.1468    0.4722
0.9575    0.3863    0.4588
0.9569    0.5062    0.4712
0.9561    1.2387    0.5348
0.9579    0.2668    0.4549
0.9581    1.3607    0.5137
0.9603    1.4823    0.4887
0.9623    1.6028    0.4784
0.9643    1.7228    0.4675
0.9666    1.8430    0.4719
0.9683    1.9637    0.4913
0.9536    0.9308    0.5376
0.9539    1.0543    0.5444
0.9542    0.8085    0.5167
0.9549    1.1772    0.5351
0.9553    0.6870    0.4893
0.9568    1.2997    0.5173
0.9564    0.5659    0.4741
0.9575    0.2064    0.4578
0.9574    0.4462    0.4598
0.9590    1.4216    0.4958
0.9580    0.3265    0.4484
0.9611    1.5425    0.4740
0.9634    1.6627    0.4613
0.9655    1.7825    0.4595
0.9678    1.9027    0.4702
1.0171    0.4469    0.4708
1.0171    0.5672    0.4851
1.0161    0.6879    0.4994
1.0158    0.8095    0.5220
1.0157    0.9319    0.5371
1.0162    1.0549    0.5437
1.0184    0.2070    0.4665
1.0183    0.3273    0.4620
1.0170    1.1778    0.5328
1.0185    1.3000    0.5165
1.0206    1.4218    0.4945
1.0220    1.5423    0.4800
1.0243    1.6626    0.4680
1.0260    1.7820    0.4674
1.0286    1.9024    0.4878
1.0160    0.9929    0.5447
1.0158    0.8701    0.5303
1.0167    1.1160    0.5414
1.0161    0.7482    0.5107
1.0168    0.6268    0.4937
1.0180    1.2387    0.5288
1.0177    0.1465    0.4745
1.0180    0.3868    0.4639
1.0176    0.5069    0.4722
1.0195    1.3608    0.5102
1.0184    0.2668    0.4555
1.0213    1.4822    0.4878
1.0230    1.6026    0.4788
1.0250    1.7217    0.4654
1.0272    1.8415    0.4664
1.0297    1.9623    0.4953
1.0786    0.1470    0.4719
1.0786    0.2675    0.4677
1.0780    0.3871    0.4698
1.0780    0.5070    0.4790
1.0776    0.6275    0.4960
1.0773    0.7485    0.5115
1.0775    0.8705    0.5295
1.0777    0.9928    0.5408
1.0788    1.1158    0.5355
1.0795    1.2383    0.5221
1.0810    1.3601    0.5080
1.0819    1.4812    0.4849
1.0833    1.6013    0.4742
1.0851    1.7211    0.4678
1.0882    1.8412    0.4752
1.0909    1.9619    0.4995
1.0774    0.8093    0.5195
1.0777    0.9313    0.5392
1.0782    1.0541    0.5393
1.0774    0.6876    0.4988
1.0777    0.5668    0.4831
1.0792    1.1768    0.5312
1.0782    0.3273    0.4681
1.0779    0.4471    0.4656
1.0802    1.2991    0.5122
1.0789    0.2071    0.4630
1.0812    1.4207    0.4951
1.0827    1.5410    0.4706
1.0842    1.6609    0.4646
1.0865    1.7808    0.4678
1.0892    1.9010    0.4838
1.1390    0.2079    0.4771
1.1386    0.3276    0.4743
1.1387    0.4472    0.4782
1.1386    0.5670    0.4902
1.1389    0.6874    0.5055
1.1394    0.8089    0.5254
1.1401    0.9309    0.5411
1.1406    1.0534    0.5461
1.1415    1.1761    0.5323
1.1418    1.2980    0.5154
1.1424    1.4195    0.4938
1.1434    1.5399    0.4780
1.1449    1.6600    0.4642
1.1465    1.7796    0.4580
1.1496    1.8991    0.4655
1.1389    0.7475    0.5134
1.1396    0.8695    0.5300
1.1384    0.3873    0.4698
1.1385    0.5070    0.4770
1.1386    0.6267    0.4938
1.1404    0.9920    0.5425
1.1410    1.1145    0.5400
1.1387    0.2675    0.4668
1.1398    0.1469    0.4833
1.1416    1.2373    0.5224
1.1423    1.3590    0.5046
1.1431    1.4799    0.4827
1.1443    1.6001    0.4664
1.1459    1.7196    0.4560
1.1480    1.8396    0.4610
1.1517    1.9591    0.4733
1.1989    0.2672    0.4696
1.1988    0.3869    0.4665
1.1989    0.5070    0.4734
1.2002    0.1471    0.4951
1.2001    0.6270    0.4903
1.2009    0.7480    0.5086
1.2021    0.8698    0.5293
1.2030    0.9920    0.5371
1.2036    1.1148    0.5371
1.2037    1.2371    0.5207
1.2038    1.3588    0.5001
1.2043    1.4799    0.4750
1.2048    1.5998    0.4599
1.2062    1.7191    0.4470
1.2088    1.8382    0.4473
1.2124    1.9572    0.4369
1.1999    0.2076    0.4738
1.1993    0.3275    0.4622
1.1993    0.4470    0.4616
1.1997    0.5664    0.4734
1.2005    0.6871    0.4939
1.2015    0.8086    0.5181
1.2026    0.9306    0.5375
1.2036    1.0533    0.5407
1.2039    1.1759    0.5290
1.2041    1.2979    0.5089
1.2043    1.4200    0.4854
1.2046    1.5396    0.4639
1.2055    1.6592    0.4515
1.2073    1.7787    0.4412
1.2107    1.8974    0.4401
1.2593    0.3279    0.4629
1.2594    0.4473    0.4635
1.2600    0.2081    0.4789
1.2604    0.5672    0.4766
1.2611    0.6874    0.4946
1.2628    0.8088    0.5165
1.2651    1.5391    0.4615
1.2645    0.9307    0.5357
1.2655    1.2978    0.5088
1.2651    1.4191    0.4827
1.2656    1.6584    0.4466
1.2658    1.0534    0.5423
1.2658    1.1760    0.5299
1.2672    1.7772    0.4381
1.2709    1.8954    0.4314
1.2612    0.1477    0.4918
1.2596    0.2682    0.4626
1.2593    0.3871    0.4551
1.2597    0.5068    0.4605
1.2607    0.6266    0.4849
1.2621    0.7474    0.5052
1.2638    0.8694    0.5305
1.2652    0.9917    0.5442
1.2657    1.1144    0.5420
1.2655    1.2369    0.5239
1.2653    1.3585    0.4974
1.2650    1.4793    0.4708
1.2650    1.5988    0.4500
1.2660    1.7178    0.4392
1.2686    1.8365    0.4327
1.2728    1.9545    0.4326
1.3202    0.5065    0.4604
1.3196    0.3869    0.4508
1.3200    0.2677    0.4606
1.3214    0.6263    0.4834
1.3221    0.1481    0.4845
1.3235    0.7470    0.5047
1.3251    1.5983    0.4476
1.3260    1.7163    0.4246
1.3256    0.8689    0.5294
1.3263    1.3580    0.4991
1.3257    1.4786    0.4681
1.3276    0.9911    0.5451
1.3273    1.2363    0.5243
1.3282    1.8344    0.4206
1.3276    1.1139    0.5404
1.3319    1.9524    0.4219
1.3190    0.3275    0.4467
1.3191    0.4468    0.4492
1.3202    0.5661    0.4653
1.3203    0.2081    0.4612
1.3219    0.6863    0.4881
1.3241    0.8078    0.5146
1.3262    0.9297    0.5336
1.3275    1.0526    0.5463
1.3274    1.1756    0.5314
1.3266    1.2975    0.5067
1.3256    1.4187    0.4769
1.3250    1.5385    0.4547
1.3250    1.6574    0.4310
1.3266    1.7756    0.4240
1.3296    1.8933    0.4216
1.3796    0.3288    0.4404
1.3802    0.4474    0.4493
1.3812    0.2103    0.4466
1.3816    0.5666    0.4683
1.3840    0.6865    0.4905
1.3859    1.6567    0.4252
1.3862    1.5380    0.4495
1.3868    1.7745    0.4076
1.3862    0.8079    0.5186
1.3871    1.4183    0.4748
1.3896    1.8916    0.4089
1.3889    1.2974    0.5111
1.3891    0.9298    0.5428
1.3904    1.0527    0.5522
1.3903    1.1755    0.5385
1.3799    0.3877    0.4295
1.3803    0.2695    0.4281
1.3810    0.5064    0.4423
1.3821    0.1500    0.4481
1.3828    0.6264    0.4615
1.3855    0.7463    0.4902
1.3882    0.8684    0.5208
1.3859    1.5974    0.4289
1.3903    0.9908    0.5417
1.3909    1.1138    0.5400
1.3883    1.3579    0.4877
1.3868    1.4781    0.4541
1.3861    1.7154    0.4109
1.3900    1.2365    0.5178
1.3878    1.8331    0.3968
1.3915    1.9496    0.4035
1.4398    0.2708    0.4264
1.4394    0.3884    0.4237
1.4410    0.5070    0.4489
1.4422    0.1532    0.4318
1.4432    0.6262    0.4749
1.4451    1.7145    0.4028
1.4455    1.5969    0.4289
1.4464    1.8311    0.3864
1.4464    0.7468    0.5011
1.4471    1.4782    0.4623
1.4493    1.3579    0.4968
1.4505    1.9477    0.4003
1.4499    0.8684    0.5361
1.4517    1.2365    0.5317
1.4525    0.9907    0.5566
1.4529    1.1138    0.5552
1.4392    0.3296    0.4271
1.4401    0.4474    0.4340
1.4420    0.5662    0.4575
1.4407    0.2118    0.4142
1.4450    0.6860    0.4867
1.4484    0.8073    0.5156
1.4462    1.5372    0.4456
1.4450    1.6558    0.4122
1.4482    1.4179    0.4775
1.4455    1.7731    0.3894
1.4517    0.9291    0.5511
1.4506    1.2973    0.5128
1.4535    1.0523    0.5629
1.4527    1.1754    0.5481
1.4480    1.8895    0.3840
1.4987    0.3303    0.4038
1.4997    0.4478    0.4278
1.5000    0.2133    0.3997
1.5019    0.5666    0.4595
1.5037    1.6557    0.3977
1.5035    1.7723    0.3731
1.5063    1.8879    0.3648
1.5056    0.6863    0.4867
1.5056    1.5383    0.4381
1.5084    1.4192    0.4725
1.5099    0.8074    0.5194
1.5122    1.2982    0.5155
1.5139    0.9297    0.5507
1.5158    1.0527    0.5591
1.5151    1.1762    0.5483
1.4982    0.3885    0.4079
1.4982    0.2715    0.3921
1.5000    0.5068    0.4357
1.5031    0.6256    0.4659
1.5017    0.1549    0.4001
1.5071    0.7460    0.4957
1.5043    1.5968    0.4124
1.5033    1.7140    0.3844
1.5066    1.4787    0.4507
1.5046    1.8301    0.3659
1.5112    0.8677    0.5294
1.5098    1.3586    0.4889
1.5145    0.9906    0.5581
1.5131    1.2370    0.5287
1.5152    1.1143    0.5563
1.5087    1.9452    0.3667
1.5582    0.2731    0.3781
1.5580    0.3890    0.3952
1.5608    0.1577    0.3828
1.5607    0.5065    0.4349
1.5634    1.7132    0.3724
1.5632    1.8281    0.3429
1.5641    1.5969    0.4120
1.5648    0.6252    0.4678
1.5674    1.9420    0.3355
1.5678    1.4787    0.4549
1.5694    0.7455    0.5035
1.5716    1.3586    0.4981
1.5742    0.8671    0.5432
1.5762    1.2371    0.5380
1.5783    0.9901    0.5730
1.5789    1.1138    0.5707
1.5578    0.3308    0.3707
1.5595    0.4475    0.3981
1.5588    0.2150    0.3546
1.5627    0.5652    0.4339
1.5671    0.6848    0.4738
1.5633    1.6554    0.3770
1.5625    1.7708    0.3448
1.5661    1.5380    0.4200
1.5645    1.8850    0.3232
1.5700    1.4188    0.4622
1.5722    0.8059    0.5141
1.5745    1.2982    0.5086
1.5771    0.9281    0.5486
1.5796    1.0519    0.5678
1.5783    1.1758    0.5441
1.6170    0.2170    0.3431
1.6161    0.3314    0.3643
1.6188    0.4473    0.4011
1.6201    1.7699    0.3255
1.6217    1.6552    0.3720
1.6212    1.8826    0.2958
1.6223    0.5649    0.4457
1.6252    1.5385    0.4249
1.6278    0.6842    0.4857
1.6302    1.4197    0.4704
1.6336    0.8053    0.5334
1.6356    1.2987    0.5233
1.6393    0.9280    0.5724
1.6407    1.1761    0.5693
1.6157    0.2737    0.3383
1.6167    0.3893    0.3705
1.6423    1.0520    0.5939
1.6182    0.1596    0.3306
1.6201    0.5059    0.4118
1.6204    1.7127    0.3405
1.6249    0.6240    0.4531
1.6233    1.5970    0.3909
1.6202    1.8266    0.2990
1.6278    1.4795    0.4404
1.6235    1.9387    0.2786
1.6307    0.7441    0.4985
1.6331    1.3596    0.4924
1.6368    0.8662    0.5483
1.6385    1.2378    0.5444
1.6419    0.9896    0.5876
1.6424    1.1138    0.5873
1.6731    0.2752    0.3174
1.6749    0.1626    0.3103
1.6748    0.3893    0.3596
1.6763    1.8257    0.2730
1.6776    1.7133    0.3245
1.6788    1.9358    0.2274
1.6791    0.5056    0.4121
1.6817    1.5984    0.3874
1.6848    0.6239    0.4653
1.6871    1.4812    0.4469
1.6920    0.7442    0.5126
1.6939    1.3612    0.5078
1.6988    0.8665    0.5668
1.7006    1.2391    0.5577
1.6732    0.3315    0.3266
1.6732    0.2186    0.2907
1.6765    0.4466    0.3766
1.7049    0.9903    0.6032
1.6765    1.7695    0.2949
1.6817    0.5636    0.4303
1.6792    1.6559    0.3530
1.7057    1.1152    0.6021
1.6770    1.8811    0.2468
1.6842    1.5398    0.4100
1.6881    0.6830    0.4782
1.6904    1.4214    0.4654
1.6953    0.8045    0.5342
1.6971    1.3004    0.5265
1.7022    0.9276    0.5813
1.7034    1.1772    0.5818
1.7062    1.0522    0.6080
1.7296    0.2199    0.2559
1.7310    0.3312    0.3082
1.7328    1.8796    0.2031
1.7336    1.7700    0.2691
1.7348    0.4452    0.3726
1.7369    1.6571    0.3451
1.7413    0.5621    0.4379
1.7437    1.5415    0.4142
1.7490    0.6816    0.4973
1.7512    1.4230    0.4778
1.7578    0.8032    0.5542
1.7294    0.2751    0.2687
1.7593    1.3016    0.5458
1.7325    0.3878    0.3337
1.7307    0.1644    0.2294
1.7327    1.8248    0.2304
1.7382    0.5041    0.4009
1.7353    1.7137    0.2991
1.7658    0.9269    0.6071
1.7338    1.9330    0.1695
1.7406    1.5998    0.3716
1.7669    1.1779    0.6086
1.7455    0.6210    0.4634
1.7701    1.0522    0.6374
1.7476    1.4828    0.4309
1.7537    0.7418    0.5202
1.7558    1.3628    0.5051
1.7847    0.1674    0.1788
1.7852    0.2750    0.2386
1.7622    0.8645    0.5730
1.7872    1.9318    0.1268
1.7640    1.2402    0.5714
1.7870    1.8256    0.2025
1.7898    0.3863    0.3228
1.7696    0.9893    0.6228
1.7706    1.1152    0.6292
1.7920    1.7156    0.2883
1.7969    0.5013    0.4005
1.7984    1.6023    0.3717
1.8051    0.6194    0.4783
1.8073    1.4852    0.4528
1.7838    0.2206    0.1922
1.8149    0.7405    0.5411
1.7866    0.3305    0.2700
1.8165    1.3648    0.5308
1.7864    1.8791    0.1627
1.7926    0.4431    0.3502
1.7888    1.7710    0.2373
1.7943    1.6600    0.3226
1.8008    0.5597    0.4321
1.8245    0.8641    0.5985
1.8264    1.2414    0.5994
1.8025    1.5443    0.4053
1.8098    0.6790    0.4964
1.8117    1.4254    0.4827
1.8390    0.2199    0.1490
1.8332    0.9893    0.6494
1.8341    1.1157    0.6554
1.8393    1.8792    0.1203
1.8196    0.8017    0.5588
1.8429    0.3274    0.2539
1.8215    1.3036    0.5524
1.8439    1.7730    0.2169
1.8292    0.9259    0.6194
1.8309    1.1789    0.6273
1.8516    0.4395    0.3561
1.8522    1.6622    0.3189
1.8356    1.0520    0.6691
1.8609    0.5559    0.4530
1.8615    1.5470    0.4213
1.8714    0.6760    0.5325
1.8377    0.1678    0.0880
1.8399    0.2730    0.1844
1.8725    1.4278    0.5113
1.8415    1.8266    0.1560
1.8392    1.9309    0.0746
1.8468    0.3827    0.2870
1.8475    1.7185    0.2496
1.8560    0.4968    0.3856
1.8824    0.7992    0.5914
1.8887    0.1677    0.0458
1.8568    1.6056    0.3523
1.8842    1.3049    0.5916
1.8894    1.9315    0.0456
1.8663    0.6149    0.4753
1.8934    0.2702    0.1663
1.8675    1.4884    0.4513
1.8952    1.8288    0.1367
1.8933    0.9248    0.6531
1.8953    1.1792    0.6631
1.8773    0.7368    0.5450
1.9035    0.3786    0.3012
1.8788    1.3673    0.5366
1.9032    1.7217    0.2510
1.9009    1.0520    0.7040
1.8884    0.8613    0.6057
1.8903    1.2430    0.6154
1.9148    1.6093    0.3759
1.9145    0.4927    0.4198
1.8992    0.9878    0.6776
1.9006    1.1157    0.6928
1.8906    0.2178    0.0973
1.9268    0.6114    0.5213
1.9273    1.4918    0.4877
1.8920    1.8812    0.0742
1.8979    0.3232    0.2162
1.8982    1.7767    0.1693
1.9086    0.4345    0.3394
1.9085    1.6665    0.2970
1.9431    0.2147    0.0601
1.9402    1.3698    0.5850
1.9440    1.8844    0.0467
1.9393    0.7342    0.5971
1.9207    0.5507    0.4530
1.9210    1.5516    0.4155
1.9515    1.7819    0.1566
1.9526    0.3187    0.2114
1.9513    0.8601    0.6617
1.9333    0.6718    0.5447
1.9534    1.2441    0.6623
1.9340    1.4318    0.5166
1.9652    1.6734    0.3088
1.9456    0.7964    0.6107
1.9663    0.4294    0.3592
1.9471    1.3081    0.6057
1.9651    0.9883    0.7147
1.9666    1.1160    0.7238
1.9380    0.1629   -0.0025
1.9583    0.9235    0.6638
1.9609    1.1806    0.6873
1.9406    1.9349    0.0231
1.9801    1.5583    0.4493
1.9463    0.2651    0.1105
1.9809    0.5463    0.4947
1.9692    1.0517    0.7518
1.9463    1.8340    0.0708
1.9591    0.3726    0.2764
1.9578    1.7284    0.2172
1.9952    0.6680    0.5922
1.9955    1.4378    0.5649
1.9735    0.4862    0.4093
1.9723    1.6171    0.3654
1.9884    0.6055    0.5298
2.0089    0.7938    0.6714
1.9880    1.4994    0.4968
2.0098    1.3126    0.6593
2.0025    0.7294    0.6148
2.0033    1.3764    0.5980
2.0227    0.9223    0.7260
2.0255    1.1839    0.7356
2.0158    0.8568    0.6763
2.0178    1.2493    0.6813
2.0387    1.0541    0.7856
2.0320    0.9873    0.7183
2.0360    1.1178    0.7771































































































































































































































































































































































































































































































































































































































































































































































































































































































































































































































































































































































































































































































































































































































































































































































































































































































































































































































































































































































































