#right side BC: def pos x y xi ref conf pos x y, old
2.294  1.7826 0.0822 16 16 16
2.3022 1.6878 0.0939 16 15 15
2.3108 1.5932 0.1071 16 14 14
2.3205 1.4986 0.1162 16 13 13
2.3297 1.4047 0.1484 16 12 12
2.3501 1.2155 0.2192 16 10 10
2.3451 0.9481 0.2071 16 6  7 
2.3303 0.8546 0.1545 16 5  6 
2.317  0.7595 0.109  16 4  5 
2.3061 0.6654 0.1127 16 3  4 
2.2943 0.5701 0.0861 16 2  3 
2.284  0.4754 0.0724 16 1  2 
2.2746 0.3799 0.0565 16 0  1 
#Just for test. Get real values from the actual data
2.294  1.7826 0.0822 0 16 16
2.3022 1.6878 0.0939 0 15 15
2.3108 1.5932 0.1071 0 14 14
2.3205 1.4986 0.1162 0 13 13
2.3297 1.4047 0.1484 0 12 12
2.3501 1.2155 0.2192 0 10 10
2.3451 0.9481 0.2071 0 6  7 
2.3303 0.8546 0.1545 0 5  6 
2.317  0.7595 0.109  0 4  5 
2.3061 0.6654 0.1127 0 3  4 
2.2943 0.5701 0.0861 0 2  3 
2.284  0.4754 0.0724 0 1  2 
2.2746 0.3799 0.0565 0 0  1 
