#def pos x y xi
0.9958	 1.1779	0.2210
1.0038	 1.0164	0.1673
1.0032	 1.3392	0.2013
1.0112	 0.8575	0.0555
1.0136	 1.4992	0.1396
1.0155	 0.7005	0.0351
1.0228	 1.6568	0.0915
1.0484	 1.0972	0.1913
1.0489	 1.2572	0.2045
1.0530	 0.9373	0.1349
1.0556	 1.4173	0.1513
1.0581	 0.6213	0.0824
1.0581	 0.7792	0.1132
1.0629	 1.5762	0.1132
1.0688	 1.7333	0.0806
1.0974	 1.0175	0.1607
1.0968	 1.1770	0.1868
1.0993	 0.8586	0.1222
1.0997	 1.3366	0.1655
1.1000	 0.7002	0.0977
1.1050	 1.4958	0.1335
1.1101	 1.6535	0.1087
1.1449	 0.9378	0.1402
1.1445	 1.0968	0.1609
1.1448	 0.6203	0.1201
1.1456	 0.7792	0.1168
1.1458	 1.2561	0.1659
1.1488	 1.4152	0.1398
1.1527	 1.5738	0.1244
1.1558	 1.7315	0.1004
1.1899	 0.6997	0.1265
1.1909	 0.8584	0.1335
1.1911	 1.0173	0.1509
1.1919	 1.1763	0.1552
1.1939	 1.3353	0.1471
1.1965	 1.4939	0.1344
1.1991	 1.6521	0.1204
1.2359	 0.6193	0.1428
1.2371	 0.7785	0.1515
1.2378	 0.9375	0.1471
1.2382	 1.0964	0.1551
1.2395	 1.2553	0.1499
1.2412	 1.4142	0.1402
1.2434	 1.5726	0.1349
1.2450	 1.7309	0.1258
1.2831	 0.6990	0.1527
1.2839	 0.8579	0.1495
1.2844	 1.0168	0.1529
1.2854	 1.1757	0.1535
1.2868	 1.3345	0.1464
1.2884	 1.4931	0.1355
1.2898	 1.6514	0.1350
1.3304	 0.7780	0.1514
1.3309	 0.9371	0.1514
1.3299	 0.6183	0.1708
1.3315	 1.0959	0.1509
1.3324	 1.2547	0.1490
1.3336	 1.4135	0.1422
1.3349	 1.5721	0.1380
1.3359	 1.7306	0.1350
1.3767	 0.6984	0.1539
1.3773	 0.8575	0.1507
1.3777	 1.0164	0.1485
1.3782	 1.1752	0.1439
1.3792	 1.3340	0.1372
1.3805	 1.4927	0.1342
1.3813	 1.6511	0.1337
1.4233	 0.6182	0.1532
1.4237	 0.7777	0.1481
1.4239	 0.9367	0.1469
1.4241	 1.0955	0.1455
1.4248	 1.2543	0.1408
1.4257	 1.4131	0.1375
1.4265	 1.5716	0.1271
1.4274	 1.7302	0.1345
1.4698	 0.6982	0.1470
1.4701	 0.8572	0.1468
1.4702	 1.0161	0.1440
1.4708	 1.1749	0.1407
1.4714	 1.3337	0.1357
1.4721	 1.4922	0.1339
1.4727	 1.6506	0.1315
1.5160	 0.6182	0.1473
1.5164	 0.7774	0.1435
1.5162	 0.9364	0.1408
1.5164	 1.0953	0.1442
1.5167	 1.2541	0.1377
1.5173	 1.4127	0.1312
1.5178	 1.5711	0.1344
1.5184	 1.7294	0.1219
1.5622	 0.6980	0.1408
1.5622	 0.8570	0.1406
1.5623	 1.0159	0.1407
1.5625	 1.1747	0.1385
1.5629	 1.3334	0.1350
1.5632	 1.4919	0.1312
1.5634	 1.6501	0.1269
1.6079	 0.6183	0.1357
1.6083	 0.7774	0.1359
1.6081	 0.9362	0.1382
1.6082	 1.0951	0.1384
1.6085	 1.2539	0.1340
1.6086	 1.4126	0.1303
1.6085	 1.5710	0.1279
1.6082	 1.7291	0.1107
1.6540	 1.4919	0.1277
1.6534	 1.6502	0.1205
1.6540	 0.6979	0.1393
1.6539	 0.8569	0.1376
1.6541	 1.0158	0.1359
1.6541	 1.1746	0.1399
1.6542	 1.3334	0.1288
1.6972	 1.7298	0.1179
1.6995	 0.6181	0.1401
1.6988	 1.5713	0.1276
1.6999	 0.7773	0.1372
1.6999	 0.9363	0.1353
1.7000	 1.0952	0.1381
1.6998	 1.2540	0.1344
1.6997	 1.4128	0.1337
1.7437	 1.6510	0.1356
1.7455	 0.6979	0.1396
1.7456	 0.8569	0.1361
1.7457	 1.1747	0.1374
1.7457	 1.3335	0.1340
1.7450	 1.4924	0.1287
1.7457	 1.0159	0.1402
1.7884	 1.7311	0.1397
1.7902	 1.5721	0.1413
1.7915	 0.6182	0.1414
1.7912	 1.4132	0.1394
1.7917	 0.7775	0.1427
1.7917	 0.9364	0.1371
1.7917	 1.0954	0.1427
1.7916	 1.2542	0.1402
1.8356	 1.6521	0.1521
1.8375	 0.6980	0.1401
1.8375	 0.8570	0.1388
1.8375	 1.0160	0.1379
1.8375	 1.1750	0.1395
1.8373	 1.3340	0.1416
1.8368	 1.4930	0.1432
1.8814	 1.7325	0.1677
1.8836	 0.9366	0.1412
1.8828	 1.5729	0.1526
1.8836	 0.6186	0.1450
1.8837	 0.7777	0.1423
1.8836	 1.0955	0.1447
1.8836	 1.2545	0.1460
1.8835	 1.4136	0.1475
1.9295	 0.6982	0.1385
1.9295	 0.8572	0.1366
1.9296	 1.0162	0.1426
1.9291	 1.6530	0.1636
1.9299	 1.1751	0.1448
1.9299	 1.3343	0.1458
1.9298	 1.4935	0.1539
1.9754	 0.6190	0.1390
1.9755	 0.7779	0.1390
1.9757	 0.9367	0.1422
1.9759	 1.0956	0.1501
1.9763	 1.2547	0.1484
1.9766	 1.4139	0.1565
1.9765	 1.5733	0.1643
1.9764	 1.7332	0.1811
2.0210	 0.6984	0.1420
2.0212	 0.8573	0.1370
2.0219	 1.0162	0.1450
2.0225	 1.1752	0.1462
2.0230	 1.3343	0.1516
2.0235	 1.4935	0.1588
2.0239	 1.6532	0.1721
2.0663	 0.6195	0.1271
2.0669	 0.7781	0.1364
2.0676	 0.9366	0.1457
2.0683	 1.0955	0.1525
2.0693	 1.2545	0.1558
2.0700	 1.4137	0.1597
2.0708	 1.5731	0.1645
2.0719	 1.7329	0.1735
2.1119	 0.6986	0.1287
2.1128	 0.8571	0.1365
2.1141	 1.0159	0.1462
2.1154	 1.1747	0.1503
2.1164	 1.3339	0.1524
2.1172	 1.4931	0.1554
2.1184	 1.6526	0.1634
2.1563	 0.6195	0.1202
2.1577	 0.7778	0.1371
2.1594	 0.9363	0.1477
2.1614	 1.0949	0.1572
2.1626	 1.2540	0.1586
2.1637	 1.4132	0.1535
2.1646	 1.5724	0.1564
2.1661	 1.7318	0.1579
2.2017	 0.6982	0.1202
2.2042	 0.8564	0.1374
2.2067	 1.0151	0.1541
2.2089	 1.1741	0.1594
2.2099	 1.3333	0.1588
2.2105	 1.4924	0.1481
2.2116	 1.6515	0.1486
2.2445	 0.6191	0.1062
2.2479	 0.7769	0.1277
2.2516	 0.9351	0.1514
2.2550	 1.0940	0.1690
2.2568	 1.2533	0.1739
2.2571	 1.5717	0.1464
2.2571	 1.4126	0.1602
2.2582	 1.7305	0.1367
2.2903	 0.6968	0.1123
2.2954	 0.8547	0.1388
2.3006	 1.0137	0.1699
2.3028	 1.6508	0.1312
2.3033	 1.4920	0.1505
2.3042	 1.1731	0.1939
2.3045	 1.3326	0.1770
2.3313	 0.6173	0.0918
2.3376	 0.7746	0.1221
2.3446	 0.9329	0.1615
2.3473	 1.7298	0.1091
2.3487	 1.5717	0.1374
2.3512	 1.4126	0.1726
2.3520	 1.0926	0.2084
2.3541	 1.2525	0.2140
2.3777	 0.6938	0.0960
2.3865	 0.8512	0.1372
2.3922	 1.6514	0.1138
2.3961	 1.4930	0.1581
2.3964	 1.0107	0.1984
2.4012	 1.3330	0.2085
#2.4386	 1.0886	0.4606
#2.4400	 1.2535	0.5110

    
    
    
    
    
    
    
    
    
    
    
    
    
    
    
    
    
    
    
    
    
    
    
    
    
    
    
    
    
    
    
    
    
    
    
    
    
    
    
    
    
    
    
    
    
    
    
    
    
    
    
    
    
    
    
    
    
    
    
    
    
    
    
    
    
    
    
    
    
    
    
    
    
    
    
    
    
    
    
    
    
    
    
    
    
    
    
    
    
    
    
    
    
    
    
    
    
    
    
    
    
    
    
    
    
    
    
    
    
    
    
    
    
    
    
    
    
    
    
    
    
    
    
    
    
    
    
    
    
    
    
    
    
    
    
    
    
    
    
    
    
    
    
    
    
    
    
    
    
    
    
    
    
    
    
    
    
    
    
    
    
    
    
    
    
    
    
    
    
    
    
    
    
    
    
    
    
    
    
    
    
    
    
    
    
    
    
    
    
    
    
    
    
    
    
    
    
    
    
    
    
    
    
    
    
    
    
    
    
    
    
    
    
    
    
    
    
    
    
    
    
    
    
    
    
    
    
    
    
    
    
    
    

    
    
    
    
    
    
    
    
    
    
    
    
    
    
    
    
    
    
    
    
    
    
    
    
    
    
    
    
    
    
    
    
    
    
    
    
    
    
    
    
    
    
    
    
    
    
    
    
    
    
    
    
    
    
    
    
    
    
    
    
    
    
    
    
    
    
    
    
    
    
    
    
    
    
    
    
    
    
    
    
    
    
    
    
    
    
    
    
    
    
    
    
    
    
    
    
    
    
    
    
    
    
    
    
    
    
    
    
    
    
    
    
    
    
    
    
    
    
    
    
    
    
    
    
    
    
    
    
    
    
    
    
    
    
    
    
    
    
    
    
    
    
    
    
    
    
    
    
    
    
    
    
    
    
    
    
    
    
    
    
    
    
    
    
    
    
    
    
    
    
    
    
    
    
    
    
    
    
    
    
    
    
    
    
    
    
    
    
    
    
    
    
    
    
    
    
    
    
    
    
    
    
    
    
    
    
    
    
    
    
    
    
    
    
    
    
    
    
    
    
    
    
    
    
    
    
    
    
    
    
    
    
    
