    0.5417	    1.1108     0.3524
    0.5425	    1.0280     0.3700
    0.5565	    1.2063     0.1997
    0.5597	    0.9338     0.1821
    0.5677	    1.3025     0.1522
    0.5720	    0.8390     0.1527
    0.5781	    1.3965     0.1150
    0.5846	    0.7443     0.1119
    0.5877	    1.4903     0.1197
    0.5956	    1.5858     0.0883
    0.5964	    0.6504     0.1128
    0.6055	    1.6807     0.0691
    0.6074	    0.5559     0.0815
    0.6048	    1.0695     0.4480
    0.6078	    1.1561     0.3170
    0.6097	    0.9849     0.3242
    0.6137	    1.7757     0.0636
    0.6186	    0.4617     0.0837
    0.6176	    1.2489     0.2181
    0.6197	    0.8923     0.2163
    0.6260	    1.3448     0.1598
    0.6280	    0.3657     0.0842
    0.6314	    0.7983     0.1600
    0.6352	    1.4394     0.1286
    0.6429	    0.7033     0.1220
    0.6437	    1.5337     0.1088
    0.6514	    1.6285     0.0870
    0.6532	    0.6089     0.1212
    0.6600	    1.7231     0.0758
    0.6640	    0.5147     0.0923
    0.6685	    1.0290     0.4252
    0.6680	    1.1128     0.4179
    0.6732	    0.4196     0.0877
    0.6712	    1.2008     0.3131
    0.6736	    0.9419     0.3290
    0.6777	    1.2933     0.2228
    0.6812	    0.8483     0.2256
    0.6852	    1.3875     0.1700
    0.6910	    0.7550     0.1696
    0.6922	    1.4817     0.1375
    0.6994	    1.5763     0.1158
    0.7002	    0.6611     0.1383
    0.7061	    1.6719     0.0907
    0.7099	    0.5665     0.1134
    0.7139	    1.7662     0.0670
    0.7196	    0.4723     0.0898
    0.7286	    0.3775     0.0783
    0.7308	    1.1573     0.3886
    0.7309	    1.0716     0.4450
    0.7323	    0.9864     0.3869
    0.7331	    1.2463     0.3070
    0.7356	    0.8970     0.3104
    0.7376	    1.3379     0.2416
    0.7421	    0.8055     0.2486
    0.7430	    1.4322     0.1951
    0.7493	    1.5257     0.1526
    0.7498	    0.7121     0.1917
    0.7541	    1.6208     0.1084
    0.7582	    0.6189     0.1663
    0.7598	    1.7158     0.0820
    0.7668	    0.5241     0.1259
    0.7745	    0.4296     0.1129
    0.7928	    1.2019     0.3731
    0.7927	    1.1150     0.4236
    0.7944	    1.2925     0.3085
    0.7953	    0.9429     0.3609
    0.7936	    1.0292     0.4240
    0.7969	    1.3843     0.2598
    0.7981	    0.8528     0.3101
    0.8010	    1.4768     0.1901
    0.8033	    0.7618     0.2417
    0.8051	    1.5708     0.1522
    0.8092	    0.6693     0.1960
    0.8090	    1.6653     0.1275
    0.8138	    1.7599     0.1003
    0.8160	    0.5760     0.1564
    0.8236	    0.4819     0.1355
    0.8301	    0.3871     0.1144
    0.8542	    1.2473     0.3486
    0.8548	    1.3381     0.3000
    0.8562	    1.4297     0.2405
    0.8553	    1.0727     0.4085
    0.8550	    1.1593     0.3946
    0.8570	    0.8976     0.3567
    0.8563	    0.9859     0.3905
    0.8587	    1.5230     0.2055
    0.8595	    0.8086     0.3061
    0.8611	    1.6162     0.1736
    0.8639	    0.7180     0.2495
    0.8643	    1.7106     0.1374
    0.8682	    0.6255     0.2200
    0.8746	    0.5324     0.1808
    0.8798	    0.4377     0.1455
    0.9141	    1.3839     0.3008
    0.9146	    1.4761     0.2403
    0.9145	    1.2942     0.3351
    0.9159	    1.5688     0.2099
    0.9157	    1.2053     0.3683
    0.9172	    1.6627     0.1631
    0.9167	    1.1175     0.3771
    0.9174	    1.0301     0.3991
    0.9194	    1.7564     0.1493
    0.9187	    0.8540     0.3470
    0.9183	    0.9426     0.3756
    0.9209	    0.7643     0.2983
    0.9236	    0.6734     0.2655
    0.9273	    0.5815     0.2257
    0.9318	    0.4883     0.1947
    0.9359	    0.3934     0.1577
    0.9726	    1.4313     0.2822
    0.9724	    1.5235     0.2434
    0.9728	    1.6155     0.2206
    0.9732	    1.7087     0.1935
    0.9740	    1.3406     0.3192
    0.9756	    1.2509     0.3372
    0.9775	    1.1628     0.3725
    0.9791	    0.8977     0.3581
    0.9786	    1.0746     0.3748
    0.9796	    0.8095     0.3504
    0.9792	    0.9866     0.3733
    0.9808	    0.7197     0.3061
    0.9830	    0.6289     0.2650
    0.9859	    0.5366     0.2429
    0.9889	    0.4424     0.2002
    1.0300	    1.6628     0.2413
    1.0297	    1.7556     0.2163
    1.0301	    1.5706     0.2688
    1.0310	    1.4793     0.2824
    1.0330	    1.3889     0.3128
    1.0355	    1.2987     0.3324
    1.0373	    1.2083     0.3475
    1.0389	    1.1194     0.3646
    1.0411	    0.6745     0.3026
    1.0406	    0.7642     0.3279
    1.0402	    0.8529     0.3441
    1.0401	    0.9413     0.3465
    1.0398	    1.0300     0.3615
    1.0427	    0.5823     0.2694
    1.0445	    0.4904     0.2369
    1.0467	    0.3981     0.2243
    1.0867	    1.7085     0.2520
    1.0876	    1.6174     0.2654
    1.0892	    1.5266     0.2908
    1.0907	    1.4358     0.3096
    1.0942	    1.3451     0.3258
    1.0959	    1.2554     0.3126
    1.0983	    1.1660     0.3296
    1.1008	    0.6293     0.2920
    1.0997	    1.0761     0.3412
    1.1006	    0.7183     0.3320
    1.1008	    0.8082     0.3297
    1.1009	    0.8963     0.3536
    1.1005	    0.9867     0.3378
    1.1023	    0.4451     0.2552
    1.1020	    0.5378     0.2892
    1.1456	    1.7561     0.2754
    1.1462	    1.6640     0.2935
    1.1476	    1.5736     0.2869
    1.1494	    1.4831     0.3086
    1.1520	    1.3934     0.3134
    1.1554	    1.3032     0.3176
    1.1572	    1.2129     0.3141
    1.1591	    1.1217     0.3163
    1.1606	    0.5829     0.3006
    1.1611	    0.4009     0.2823
    1.1610	    0.4929     0.2938
    1.1605	    0.6736     0.3204
    1.1607	    0.7626     0.3329
    1.1609	    0.8524     0.3215
    1.1610	    0.9424     0.3193
    1.1603	    1.0321     0.3240
    1.2044	    1.7109     0.2974
    1.2062	    1.6207     0.3037
    1.2080	    1.5302     0.3151
    1.2106	    1.4407     0.3243
    1.2138	    1.3500     0.3180
    1.2160	    1.2603     0.3117
    1.2180	    1.1692     0.2992
    1.2192	    1.0789     0.3133
    1.2200	    0.4465     0.3052
    1.2201	    0.5366     0.3131
    1.2199	    0.6284     0.3110
    1.2200	    0.9879     0.3030
    1.2205	    0.7171     0.3326
    1.2209	    0.8074     0.3134
    1.2208	    0.8966     0.3210
    1.2651	    1.6670     0.3348
    1.2645	    1.7564     0.3293
    1.2667	    1.5772     0.3337
    1.2687	    1.4874     0.3235
    1.2712	    1.3976     0.3109
    1.2742	    1.3072     0.3080
    1.2758	    1.2159     0.2956
    1.2779	    1.1255     0.2985
    1.2793	    0.4013     0.3163
    1.2789	    1.0339     0.2926
    1.2794	    0.4914     0.3375
    1.2797	    0.5811     0.3243
    1.2797	    0.6722     0.3247
    1.2801	    0.7613     0.3177
    1.2802	    0.8524     0.3102
    1.2798	    0.9435     0.3034
    1.3250	    1.7119     0.3512
    1.3266	    1.6232     0.3373
    1.3282	    1.5343     0.3309
    1.3299	    1.4448     0.3200
    1.3324	    1.3533     0.3078
    1.3339	    1.2634     0.2988
    1.3357	    1.1728     0.2938
    1.3369	    1.0809     0.2807
    1.3381	    0.9895     0.2818
    1.3392	    0.8078     0.2879
    1.3389	    0.8978     0.2966
    1.3393	    0.4470     0.3480
    1.3397	    0.5365     0.3354
    1.3393	    0.6268     0.3194
    1.3393	    0.7163     0.3058
    1.3860	    1.6690     0.3462
    1.3853	    1.7563     0.3699
    1.3878	    1.5792     0.3507
    1.3891	    1.4899     0.3432
    1.3900	    1.4012     0.3098
    1.3922	    1.3103     0.3092
    1.3937	    1.2190     0.3002
    1.3947	    1.1278     0.2733
    1.3959	    1.0361     0.2794
    1.3971	    0.9437     0.2802
    1.3979	    0.8536     0.2905
    1.3995	    0.5825     0.3263
    1.3990	    0.6713     0.3195
    1.3987	    0.7618     0.2960
    1.3992	    0.4020     0.3474
    1.4000	    0.4931     0.3354
    1.4468	    1.7130     0.3729
    1.4479	    1.6251     0.3533
    1.4486	    1.5366     0.3458
    1.4495	    1.4468     0.3333
    1.4506	    1.3558     0.3150
    1.4516	    1.2651     0.3046
    1.4528	    1.1753     0.2816
    1.4539	    1.0832     0.2737
    1.4551	    0.9915     0.2727
    1.4560	    0.8996     0.2845
    1.4573	    0.8088     0.2792
    1.4579	    0.7170     0.2984
    1.4586	    0.6272     0.3214
    1.4596	    0.5381     0.3309
    1.4603	    0.4463     0.3377
    1.5079	    1.7577     0.3757
    1.5089	    1.5811     0.3393
    1.5087	    1.6698     0.3687
    1.5107	    1.2210     0.2952
    1.5104	    1.3124     0.3183
    1.5095	    1.4027     0.3207
    1.5096	    1.4914     0.3406
    1.5116	    1.1302     0.2741
    1.5127	    1.0381     0.2771
    1.5140	    0.9466     0.2692
    1.5151	    0.8554     0.2791
    1.5165	    0.7626     0.2956
    1.5177	    0.6723     0.3009
    1.5186	    0.5822     0.3188
    1.5199	    0.4918     0.3213
    1.5212	    0.4028     0.3127
    1.5693	    1.2672     0.3169
    1.5710	    1.0858     0.2871
    1.5700	    1.1767     0.2992
    1.5698	    1.3573     0.3333
    1.5697	    1.4472     0.3444
    1.5695	    1.5354     0.3510
    1.5697	    1.6255     0.3560
    1.5698	    1.7142     0.3616
    1.5713	    0.9935     0.2837
    1.5730	    0.9022     0.2825
    1.5741	    0.8110     0.2769
    1.5760	    0.7188     0.3037
    1.5779	    0.6284     0.3111
    1.5787	    0.5382     0.3155
    1.5801	    0.4485     0.3266
    1.6290	    1.0396     0.2801
    1.6293	    1.1323     0.2851
    1.6285	    1.2224     0.3163
    1.6290	    1.3136     0.3350
    1.6305	    0.9483     0.2843
    1.6296	    1.4024     0.3417
    1.6315	    0.8570     0.2825
    1.6303	    1.4898     0.3564
    1.6299	    1.5794     0.3573
    1.6309	    1.6679     0.3583
    1.6312	    1.7564     0.3294
    1.6334	    0.7658     0.2894
    1.6352	    0.6755     0.2929
    1.6366	    0.5840     0.2935
    1.6386	    0.4933     0.3087
    1.6396	    0.4016     0.2986
    1.6886	    0.9955     0.2944
    1.6888	    1.0874     0.2964
    1.6881	    1.1778     0.3041
    1.6883	    1.2675     0.3163
    1.6902	    0.9043     0.2774
    1.6896	    1.3573     0.3610
    1.6918	    0.8136     0.3081
    1.6907	    1.4459     0.3583
    1.6910	    1.5349     0.3441
    1.6912	    1.6239     0.3386
    1.6917	    1.7115     0.3462
    1.6937	    0.7229     0.2925
    1.6955	    0.6327     0.3032
    1.6968	    0.5411     0.2911
    1.6987	    0.4505     0.2836
    1.7465	    1.0414     0.3088
    1.7485	    0.9517     0.3077
    1.7476	    1.1330     0.3212
    1.7479	    1.2226     0.3304
    1.7501	    0.8599     0.3006
    1.7492	    1.3124     0.3657
    1.7514	    0.7699     0.2988
    1.7506	    1.4006     0.3458
    1.7514	    1.4883     0.3494
    1.7513	    1.5779     0.3371
    1.7520	    1.6670     0.3301
    1.7518	    1.7557     0.3140
    1.7535	    0.6792     0.2986
    1.7558	    0.4962     0.2689
    1.7551	    0.5877     0.2628
    1.7568	    0.4048     0.2477
    1.8068	    0.9976     0.3317
    1.8087	    0.9086     0.3111
    1.8075	    1.0880     0.3361
    1.8074	    1.1772     0.3526
    1.8089	    1.2662     0.3537
    1.8113	    0.7267     0.2929
    1.8108	    0.8189     0.3122
    1.8106	    1.3543     0.3554
    1.8113	    1.7125     0.3045
    1.8126	    0.6362     0.2794
    1.8116	    1.4442     0.3633
    1.8120	    1.5328     0.3358
    1.8114	    1.6226     0.3211
    1.8132	    0.5430     0.2491
    1.8152	    0.4510     0.2396
    1.8666	    1.0424     0.3427
    1.8678	    0.9544     0.3413
    1.8677	    1.1324     0.3578
    1.8696	    0.4048     0.1946
    1.8693	    0.4970     0.2124
    1.8693	    0.8649     0.3260
    1.8682	    1.2201     0.3666
    1.8690	    1.7590     0.2583
    1.8703	    0.5897     0.2383
    1.8700	    0.6829     0.2880
    1.8699	    0.7736     0.2826
    1.8701	    1.3091     0.3777
    1.8711	    1.5771     0.2943
    1.8709	    1.6678     0.2982
    1.8715	    1.3985     0.3551
    1.8719	    1.4871     0.3477
    1.9252	    0.4504     0.1744
    1.9252	    0.5434     0.1986
    1.9270	    0.6384     0.2333
    1.9273	    1.7145     0.2452
    1.9278	    0.7303     0.2751
    1.9271	    0.9993     0.3708
    1.9292	    0.8224     0.3069
    1.9285	    0.9116     0.3512
    1.9282	    1.0880     0.3880
    1.9284	    1.1754     0.3868
    1.9294	    1.6230     0.2545
    1.9299	    1.2626     0.3637
    1.9311	    1.5318     0.2898
    1.9315	    1.3513     0.3456
    1.9320	    1.4417     0.3228
    1.9777	    0.4017     0.1346
    1.9787	    0.4960     0.1553
    1.9819	    0.5899     0.1843
    1.9826	    1.7624     0.2010
    1.9842	    0.6851     0.2319
    1.9867	    0.7763     0.2608
    1.9857	    1.6697     0.2328
    1.9885	    1.5773     0.2526
    1.9888	    0.8679     0.3400
    1.9888	    0.9567     0.3776
    1.9882	    1.0428     0.3905
    1.9897	    1.1299     0.4096
    1.9904	    1.2173     0.3903
    1.9912	    1.4858     0.2855
    1.9911	    1.3052     0.3625
    1.9922	    1.3951     0.3241
    2.0315	    0.4473     0.1155
    2.0346	    0.5421     0.1486
    2.0385	    0.6366     0.1797
    2.0389	    1.7177     0.1822
    2.0423	    0.7300     0.2280
    2.0434	    1.6250     0.2067
    2.0472	    0.8239     0.2952
    2.0478	    1.5326     0.2380
    2.0496	    0.9136     0.3613
    2.0491	    1.0002     0.4057
    2.0515	    1.3486     0.3188
    2.0506	    1.4410     0.2827
    2.0512	    1.0878     0.4250
    2.0522	    1.1731     0.4129
    2.0525	    1.2597     0.3735
    2.0811	    0.3970     0.0807
    2.0851	    0.4920     0.1028
    2.0899	    0.5872     0.1419
    2.0906	    1.7667     0.1473
    2.0959	    0.6810     0.1740
    2.0956	    1.6729     0.1636
    2.1014	    0.7747     0.2235
    2.1014	    1.5801     0.1841
    2.1078	    0.8683     0.2997
    2.1099	    1.3952     0.2670
    2.1106	    0.9573     0.3734
    2.1116	    1.3029     0.3140
    2.1117	    1.0425     0.4250
    2.1141	    1.2142     0.3940
    2.1134	    1.1289     0.4651
    2.1314	    0.4418     0.0875
    2.1378	    0.5368     0.0925
    2.1447	    1.7228     0.1224
    2.1463	    0.6326     0.1405
    2.1525	    1.6291     0.1473
    2.1538	    0.7264     0.1711
    2.1586	    1.5353     0.1731
    2.1623	    0.8215     0.2300
    2.1645	    1.4425     0.2078
    2.1686	    1.3483     0.2578
    2.1692	    0.9130     0.3177
    2.1729	    1.0002     0.4099
    2.1739	    1.2568     0.3278
    2.1776	    0.3903     0.0616
    2.1755	    1.0866     0.4682
    2.1760	    1.1699     0.4139
    2.1866	    0.4854     0.0730
    2.1927	    1.7733     0.1018
    2.1937	    0.5803     0.1037
    2.2000	    1.6792     0.1192
    2.2033	    0.6750     0.1328
    2.2085	    1.5854     0.1232
    2.2121	    0.7696     0.1535
    2.2159	    1.4916     0.1585
    2.2227	    0.8643     0.2231
    2.2228	    1.3978     0.1931
    2.2281	    1.3036     0.2388
    2.2307	    0.4333     0.0643
    2.2317	    0.9562     0.3289
    2.2358	    1.2113     0.3330
    2.2361	    1.0421     0.4393
    2.2393	    0.5282     0.0672
    2.2388	    1.1257     0.4696
    2.2475	    1.7305     0.0953
    2.2500	    0.6237     0.1093
    2.2565	    1.6362     0.1047
    2.2595	    0.7178     0.1331
    2.2715	    0.8140     0.1541
    2.2746	    0.3799     0.0565
    2.2726	    1.4483     0.1482
    2.2800	    1.3527     0.1692
    2.2840	    0.4754     0.0724
    2.2839	    0.9078     0.2172
    2.2892	    1.2582     0.2376
    2.2940	    1.7826     0.0822
    2.2943	    0.5701     0.0861
    2.2960	    0.9995     0.3443
    2.2995	    1.1665     0.3306
    2.3022	    1.6878     0.0939
    2.3018	    1.0838     0.5081
    2.3061	    0.6654     0.1127
    2.3108	    1.5932     0.1071
    2.3170	    0.7595     0.1090
    2.3205	    1.4986     0.1162
    2.3297	    1.4047     0.1484
    2.3303	    0.8546     0.1545
    2.3451	    0.9481     0.2071
    2.3501	    1.2155     0.2192
























































































































































































































































































































































































































































































































































































































































































































































































































































































































































































